Date,Daily Emissions (Kg Methane),Daily Mitigable Emissions (Kg Methane),Daily Non-Mitigable Emissions (Kg Methane),Daily Cost ($),Active Leaks,New Leaks,Leaks Repaired,Leaks Naturally Repaired,Leaks Tagged,Daily Repair Cost ($),Daily Natural Repair Cost ($),OGI Deployment Cost ($),OGI Sites flagged for Follow-Up,OGI Leaks tagged for repair,OGI Sites Visited,OGI Travel Time (Minutes),OGI Survey Time (Minutes)
2017-01-01,1057.21271,850.67116,206.54156,2876.00000,376,377,0,0,43,0.00000,0.00000,2876.00000,,43,3,180,300
2017-01-02,1057.21271,850.67116,206.54156,2876.00000,376,0,0,0,63,0.00000,0.00000,2876.00000,,63,3,180,360
2017-01-03,1054.53132,847.98977,206.54156,2876.00000,375,0,0,1,40,0.00000,200.00000,2876.00000,,40,3,180,300
2017-01-04,1055.20167,847.98977,207.21190,2876.00000,377,2,0,0,82,0.00000,0.00000,2876.00000,,82,3,180,360
2017-01-05,1058.10651,850.89461,207.21190,0.00000,379,2,0,0,0,0.00000,0.00000,0.00000,,0,0,0,0
2017-01-06,1056.35616,850.89461,205.46155,0.00000,379,1,0,0,0,0.00000,0.00000,0.00000,,0,0,0,0
2017-01-07,1059.44720,852.01185,207.43535,0.00000,380,2,0,1,0,0.00000,200.00000,0.00000,,0,0,0,0
2017-01-08,1065.92723,858.04498,207.88225,0.00000,382,2,0,0,0,0.00000,0.00000,0.00000,,0,0,0,0
2017-01-09,1065.92723,858.04498,207.88225,0.00000,382,0,0,0,0,0.00000,0.00000,0.00000,,0,0,0,0
2017-01-10,1065.48033,858.26843,207.21190,0.00000,381,1,0,0,0,0.00000,0.00000,0.00000,,0,0,0,0
2017-01-11,1073.74795,866.53605,207.21190,0.00000,382,1,0,0,0,0.00000,0.00000,0.00000,,0,0,0,0
2017-01-12,1076.42934,869.21744,207.21190,0.00000,383,1,0,0,0,0.00000,0.00000,0.00000,,0,0,0,0
2017-01-13,1085.14386,877.93196,207.21190,0.00000,385,2,0,0,0,0.00000,0.00000,0.00000,,0,0,0,0
2017-01-14,1093.41148,886.19958,207.21190,0.00000,386,1,0,0,0,0.00000,0.00000,0.00000,,0,0,0,0
2017-01-15,1093.18803,885.97613,207.21190,0.00000,385,0,0,1,0,0.00000,200.00000,0.00000,,0,0,0,0
2017-01-16,931.22460,725.98650,205.23810,8400.00000,341,0,42,1,0,8400.00000,200.00000,0.00000,,0,0,0,0
2017-01-17,731.05134,527.78704,203.26430,11200.00000,284,0,56,0,0,11200.00000,0.00000,0.00000,,0,0,0,0
2017-01-18,615.30465,412.04035,203.26430,7200.00000,248,0,36,0,0,7200.00000,0.00000,0.00000,,0,0,0,0
2017-01-19,319.86755,114.62945,205.23810,16200.00000,167,1,81,1,0,16200.00000,200.00000,0.00000,,0,0,0,0
2017-01-20,322.54894,117.31084,205.23810,0.00000,168,1,0,0,0,0.00000,0.00000,0.00000,,0,0,0,0
2017-01-21,322.54894,117.31084,205.23810,0.00000,168,0,0,0,0,0.00000,0.00000,0.00000,,0,0,0,0
2017-01-22,322.54894,117.31084,205.23810,0.00000,168,0,0,0,0,0.00000,0.00000,0.00000,,0,0,0,0
2017-01-23,322.54894,117.31084,205.23810,0.00000,168,0,0,0,0,0.00000,0.00000,0.00000,,0,0,0,0
2017-01-24,327.20413,119.99223,207.21190,0.00000,170,2,0,0,0,0.00000,0.00000,0.00000,,0,0,0,0
2017-01-25,318.93651,120.66258,198.27393,0.00000,171,2,0,0,0,0.00000,0.00000,0.00000,,0,0,0,0
2017-01-26,320.50065,122.22672,198.27393,0.00000,172,1,0,0,0,0.00000,0.00000,0.00000,,0,0,0,0
2017-01-27,328.54483,130.27089,198.27393,0.00000,172,1,0,1,0,0.00000,200.00000,0.00000,,0,0,0,0
2017-01-28,328.54483,130.27089,198.27393,0.00000,172,0,0,0,0,0.00000,0.00000,0.00000,,0,0,0,0
2017-01-29,328.54483,130.27089,198.27393,0.00000,172,0,0,0,0,0.00000,0.00000,0.00000,,0,0,0,0
2017-01-30,331.22622,132.95228,198.27393,0.00000,173,1,0,0,0,0.00000,0.00000,0.00000,,0,0,0,0
2017-01-31,331.00277,132.72883,198.27393,0.00000,172,0,0,1,0,0.00000,200.00000,0.00000,,0,0,0,0
2017-02-01,331.00277,132.72883,198.27393,0.00000,172,0,0,0,0,0.00000,0.00000,0.00000,,0,0,0,0
2017-02-02,331.00277,132.72883,198.27393,0.00000,172,0,0,0,0,0.00000,0.00000,0.00000,,0,0,0,0
2017-02-03,331.00277,132.72883,198.27393,0.00000,172,0,0,0,0,0.00000,0.00000,0.00000,,0,0,0,0
2017-02-04,331.00277,132.72883,198.27393,0.00000,172,0,0,0,0,0.00000,0.00000,0.00000,,0,0,0,0
2017-02-05,324.96964,126.02536,198.94428,0.00000,173,2,0,1,0,0.00000,200.00000,0.00000,,0,0,0,0
2017-02-06,329.43862,130.49434,198.94428,0.00000,174,1,0,0,0,0.00000,0.00000,0.00000,,0,0,0,0
2017-02-07,325.00688,127.81295,197.19393,0.00000,173,1,0,1,0,0.00000,200.00000,0.00000,,0,0,0,0
2017-02-08,327.68827,130.49434,197.19393,0.00000,174,1,0,0,0,0.00000,0.00000,0.00000,,0,0,0,0
2017-02-09,330.36966,133.17573,197.19393,0.00000,175,1,0,0,0,0.00000,0.00000,0.00000,,0,0,0,0
2017-02-10,330.36966,133.17573,197.19393,0.00000,175,0,0,0,0,0.00000,0.00000,0.00000,,0,0,0,0
2017-02-11,343.55316,137.42127,206.13190,0.00000,176,2,0,1,0,0.00000,200.00000,0.00000,,0,0,0,0
2017-02-12,351.59734,145.46544,206.13190,0.00000,179,3,0,0,0,0.00000,0.00000,0.00000,,0,0,0,0
2017-02-13,359.86496,145.46544,214.39952,0.00000,180,1,0,0,0,0.00000,0.00000,0.00000,,0,0,0,0
2017-02-14,362.54635,148.14683,214.39952,0.00000,181,1,0,0,0,0.00000,0.00000,0.00000,,0,0,0,0
2017-02-15,362.54635,148.14683,214.39952,0.00000,181,0,0,0,0,0.00000,0.00000,0.00000,,0,0,0,0
2017-02-16,368.57948,153.73306,214.84642,0.00000,185,4,0,0,0,0.00000,0.00000,0.00000,,0,0,0,0
2017-02-17,370.55328,153.73306,216.82022,0.00000,186,1,0,0,0,0.00000,0.00000,0.00000,,0,0,0,0
2017-02-18,374.76157,156.19100,218.57057,0.00000,186,2,0,1,0,0.00000,200.00000,0.00000,,0,0,0,0
2017-02-19,379.93815,163.34138,216.59677,0.00000,187,2,0,0,0,0.00000,0.00000,0.00000,,0,0,0,0
2017-02-20,381.94919,166.46966,215.47952,0.00000,188,3,0,0,0,0.00000,0.00000,0.00000,,0,0,0,0
2017-02-21,391.78095,168.03381,223.74714,0.00000,190,2,0,0,0,0.00000,0.00000,0.00000,,0,0,0,0
2017-02-22,394.23889,170.49175,223.74714,0.00000,190,1,0,1,0,0.00000,200.00000,0.00000,,0,0,0,0
2017-02-23,394.01545,170.71520,223.30025,0.00000,190,1,0,0,0,0.00000,0.00000,0.00000,,0,0,0,0
2017-02-24,393.56855,170.49175,223.07680,0.00000,188,0,0,1,0,0.00000,200.00000,0.00000,,0,0,0,0
2017-02-25,393.56855,170.49175,223.07680,0.00000,188,0,0,0,0,0.00000,0.00000,0.00000,,0,0,0,0
2017-02-26,393.56855,170.49175,223.07680,0.00000,188,1,0,1,0,0.00000,200.00000,0.00000,,0,0,0,0
2017-02-27,390.66371,167.58691,223.07680,0.00000,188,1,0,1,0,0.00000,200.00000,0.00000,,0,0,0,0
2017-02-28,396.24994,173.17314,223.07680,0.00000,191,3,0,0,0,0.00000,0.00000,0.00000,,0,0,0,0
2017-03-01,396.47339,173.39659,223.07680,0.00000,192,1,0,0,0,0.00000,0.00000,0.00000,,0,0,0,0
2017-03-02,396.47339,173.39659,223.07680,0.00000,192,0,0,0,0,0.00000,0.00000,0.00000,,0,0,0,0
2017-03-03,399.15478,176.07798,223.07680,0.00000,193,1,0,0,0,0.00000,0.00000,0.00000,,0,0,0,0
2017-03-04,399.15478,176.07798,223.07680,0.00000,193,0,0,0,0,0.00000,0.00000,0.00000,,0,0,0,0
2017-03-05,399.60168,176.52488,223.07680,0.00000,194,1,0,0,0,0.00000,0.00000,0.00000,,0,0,0,0
2017-03-06,399.82513,176.74833,223.07680,0.00000,195,1,0,0,0,0.00000,0.00000,0.00000,,0,0,0,0
2017-03-07,409.20999,177.19523,232.01477,0.00000,197,2,0,0,0,0.00000,0.00000,0.00000,,0,0,0,0
2017-03-08,407.23619,177.19523,230.04096,0.00000,196,0,0,0,0,0.00000,0.00000,0.00000,,0,0,0,0
2017-03-09,409.91758,179.87662,230.04096,0.00000,197,1,0,0,0,0.00000,0.00000,0.00000,,0,0,0,0
2017-03-10,405.96998,179.87662,226.09336,0.00000,195,0,0,0,0,0.00000,0.00000,0.00000,,0,0,0,0
2017-03-11,405.96998,179.87662,226.09336,0.00000,195,0,0,0,0,0.00000,0.00000,0.00000,,0,0,0,0
2017-03-12,408.42792,182.33456,226.09336,0.00000,195,1,0,1,0,0.00000,200.00000,0.00000,,0,0,0,0
2017-03-13,408.20447,182.11111,226.09336,0.00000,194,0,0,1,0,0.00000,200.00000,0.00000,,0,0,0,0
2017-03-14,410.88586,184.79250,226.09336,0.00000,195,1,0,0,0,0.00000,0.00000,0.00000,,0,0,0,0
2017-03-15,410.88586,184.79250,226.09336,0.00000,195,0,0,0,0,0.00000,0.00000,0.00000,,0,0,0,0
2017-03-16,418.48313,184.56905,233.91408,0.00000,194,1,0,1,0,0.00000,200.00000,0.00000,,0,0,0,0
2017-03-17,418.70658,184.79250,233.91408,0.00000,195,1,0,0,0,0.00000,0.00000,0.00000,,0,0,0,0
2017-03-18,425.14937,189.26148,235.88789,0.00000,197,2,0,0,0,0.00000,0.00000,0.00000,,0,0,0,0
2017-03-19,423.62247,189.70838,233.91408,0.00000,197,1,0,0,0,0.00000,0.00000,0.00000,,0,0,0,0
2017-03-20,423.39902,189.48493,233.91408,0.00000,196,0,0,1,0,0.00000,200.00000,0.00000,,0,0,0,0
2017-03-21,439.93426,197.75255,242.18170,0.00000,198,2,0,0,0,0.00000,0.00000,0.00000,,0,0,0,0
2017-03-22,449.54258,197.75255,251.79002,0.00000,200,2,0,0,0,0.00000,0.00000,0.00000,,0,0,0,0
2017-03-23,452.22397,200.43394,251.79002,0.00000,201,1,0,0,0,0.00000,0.00000,0.00000,,0,0,0,0
2017-03-24,443.73290,200.43394,243.29895,0.00000,199,0,0,0,0,0.00000,0.00000,0.00000,,0,0,0,0
2017-03-25,443.06255,200.88084,242.18170,0.00000,198,1,0,0,0,0.00000,0.00000,0.00000,,0,0,0,0
2017-03-26,442.61565,200.43394,242.18170,0.00000,197,0,0,1,0,0.00000,200.00000,0.00000,,0,0,0,0
2017-03-27,442.16875,200.21050,241.95826,0.00000,195,0,0,1,0,0.00000,200.00000,0.00000,,0,0,0,0
2017-03-28,439.97150,200.21050,239.76101,0.00000,193,0,0,0,0,0.00000,0.00000,0.00000,,0,0,0,0
2017-03-29,441.75909,201.99809,239.76101,0.00000,195,2,0,0,0,0.00000,0.00000,0.00000,,0,0,0,0
2017-03-30,441.53565,201.77464,239.76101,0.00000,194,0,0,1,0,0.00000,200.00000,0.00000,,0,0,0,0
2017-03-31,441.98254,201.77464,240.20790,0.00000,195,1,0,0,0,0.00000,0.00000,0.00000,,0,0,0,0
2017-04-01,448.05291,209.81881,238.23410,0.00000,197,3,0,0,0,0.00000,0.00000,0.00000,,0,0,0,0
2017-04-02,447.82946,209.59536,238.23410,0.00000,196,0,0,1,0,0.00000,200.00000,0.00000,,0,0,0,0
2017-04-03,458.74123,209.59536,249.14587,0.00000,198,2,0,0,0,0.00000,0.00000,0.00000,,0,0,0,0
2017-04-04,456.76743,209.59536,247.17207,0.00000,197,0,0,0,0,0.00000,0.00000,0.00000,,0,0,0,0
2017-04-05,461.23642,214.06435,247.17207,0.00000,198,1,0,0,0,0.00000,0.00000,0.00000,,0,0,0,0
2017-04-06,461.23642,214.06435,247.17207,0.00000,198,0,0,0,0,0.00000,0.00000,0.00000,,0,0,0,0
2017-04-07,461.23642,214.06435,247.17207,0.00000,198,0,0,0,0,0.00000,0.00000,0.00000,,0,0,0,0
2017-04-08,466.15230,218.53333,247.61897,0.00000,200,2,0,0,0,0.00000,0.00000,0.00000,,0,0,0,0
2017-04-09,466.15230,218.53333,247.61897,0.00000,200,0,0,0,0,0.00000,0.00000,0.00000,,0,0,0,0
2017-04-10,468.83369,221.21472,247.61897,0.00000,201,1,0,0,0,0.00000,0.00000,0.00000,,0,0,0,0
2017-04-11,471.92474,221.21472,250.71002,0.00000,204,3,0,0,0,0.00000,0.00000,0.00000,,0,0,0,0
2017-04-12,471.92474,221.21472,250.71002,0.00000,204,0,0,0,0,0.00000,0.00000,0.00000,,0,0,0,0
2017-04-13,472.14819,221.43817,250.71002,0.00000,205,1,0,0,0,0.00000,0.00000,0.00000,,0,0,0,0
2017-04-14,472.14819,221.43817,250.71002,0.00000,205,0,0,0,0,0.00000,0.00000,0.00000,,0,0,0,0
2017-04-15,475.27648,224.56646,250.71002,0.00000,207,2,0,0,0,0.00000,0.00000,0.00000,,0,0,0,0
2017-04-16,480.15512,227.47130,252.68382,0.00000,210,3,0,0,0,0.00000,0.00000,0.00000,,0,0,0,0
2017-04-17,479.70822,227.02440,252.68382,0.00000,209,0,0,1,0,0.00000,200.00000,0.00000,,0,0,0,0
2017-04-18,480.15512,227.47130,252.68382,0.00000,210,1,0,0,0,0.00000,0.00000,0.00000,,0,0,0,0
2017-04-19,479.93167,227.24785,252.68382,0.00000,209,0,0,1,0,0.00000,200.00000,0.00000,,0,0,0,0
2017-04-20,480.63926,238.86721,241.77205,0.00000,210,3,0,0,0,0.00000,0.00000,0.00000,,0,0,0,0
2017-04-21,481.08616,239.31411,241.77205,0.00000,211,1,0,0,0,0.00000,0.00000,0.00000,,0,0,0,0
2017-04-22,481.53305,239.31411,242.21895,0.00000,211,1,0,0,0,0.00000,0.00000,0.00000,,0,0,0,0
2017-04-23,481.30960,239.09066,242.21895,0.00000,210,0,0,1,0,0.00000,200.00000,0.00000,,0,0,0,0
2017-04-24,483.99100,241.77205,242.21895,0.00000,211,1,0,0,0,0.00000,0.00000,0.00000,,0,0,0,0
2017-04-25,486.67239,244.45344,242.21895,0.00000,212,1,0,0,0,0.00000,0.00000,0.00000,,0,0,0,0
2017-04-26,486.67239,244.45344,242.21895,0.00000,212,0,0,0,0,0.00000,0.00000,0.00000,,0,0,0,0
2017-04-27,486.22549,244.45344,241.77205,0.00000,211,0,0,0,0,0.00000,0.00000,0.00000,,0,0,0,0
2017-04-28,488.19929,244.45344,243.74585,0.00000,212,1,0,0,0,0.00000,0.00000,0.00000,,0,0,0,0
2017-04-29,499.81865,247.13483,252.68382,0.00000,214,2,0,0,0,0.00000,0.00000,0.00000,,0,0,0,0
2017-04-30,500.48900,247.13483,253.35417,0.00000,215,1,0,0,0,0.00000,0.00000,0.00000,,0,0,0,0
2017-05-01,500.48900,247.13483,253.35417,0.00000,215,0,0,0,0,0.00000,0.00000,0.00000,,0,0,0,0
2017-05-02,500.48900,247.13483,253.35417,0.00000,215,0,0,0,0,0.00000,0.00000,0.00000,,0,0,0,0
2017-05-03,503.17039,249.81622,253.35417,0.00000,216,1,0,0,0,0.00000,0.00000,0.00000,,0,0,0,0
2017-05-04,506.29868,252.49761,253.80106,0.00000,218,2,0,0,0,0.00000,0.00000,0.00000,,0,0,0,0
2017-05-05,507.86282,254.06176,253.80106,0.00000,219,1,0,0,0,0.00000,0.00000,0.00000,,0,0,0,0
2017-05-06,507.86282,254.06176,253.80106,0.00000,219,0,0,0,0,0.00000,0.00000,0.00000,,0,0,0,0
2017-05-07,510.54421,256.74315,253.80106,0.00000,220,1,0,0,0,0.00000,0.00000,0.00000,,0,0,0,0
2017-05-08,510.99111,256.74315,254.24796,0.00000,221,1,0,0,0,0.00000,0.00000,0.00000,,0,0,0,0
2017-05-09,510.99111,256.74315,254.24796,0.00000,221,0,0,0,0,0.00000,0.00000,0.00000,,0,0,0,0
2017-05-10,523.05737,268.80940,254.24796,0.00000,223,3,0,1,0,0.00000,200.00000,0.00000,,0,0,0,0
2017-05-11,522.38702,268.13906,254.24796,0.00000,221,0,0,2,0,0.00000,400.00000,0.00000,,0,0,0,0
2017-05-12,522.38702,268.13906,254.24796,0.00000,221,1,0,1,0,0.00000,200.00000,0.00000,,0,0,0,0
2017-05-13,522.38702,268.13906,254.24796,0.00000,221,0,0,0,0,0.00000,0.00000,0.00000,,0,0,0,0
2017-05-14,527.52635,273.27839,254.24796,0.00000,222,2,0,1,0,0.00000,200.00000,0.00000,,0,0,0,0
2017-05-15,521.94012,275.95978,245.98034,0.00000,223,2,0,0,0,0.00000,0.00000,0.00000,,0,0,0,0
2017-05-16,516.13044,278.41772,237.71272,0.00000,222,1,0,1,0,0.00000,200.00000,0.00000,,0,0,0,0
2017-05-17,515.90699,278.41772,237.48927,0.00000,221,0,0,0,0,0.00000,0.00000,0.00000,,0,0,0,0
2017-05-18,515.90699,278.41772,237.48927,0.00000,221,0,0,0,0,0.00000,0.00000,0.00000,,0,0,0,0
2017-05-19,526.85600,281.09911,245.75689,0.00000,223,2,0,0,0,0.00000,0.00000,0.00000,,0,0,0,0
2017-05-20,526.85600,281.09911,245.75689,0.00000,223,0,0,0,0,0.00000,0.00000,0.00000,,0,0,0,0
2017-05-21,526.85600,281.09911,245.75689,0.00000,223,0,0,0,0,0.00000,0.00000,0.00000,,0,0,0,0
2017-05-22,528.60635,280.87566,247.73069,0.00000,223,1,0,1,0,0.00000,200.00000,0.00000,,0,0,0,0
2017-05-23,531.28775,283.55705,247.73069,0.00000,224,1,0,0,0,0.00000,0.00000,0.00000,,0,0,0,0
2017-05-24,533.96914,286.23844,247.73069,0.00000,225,1,0,0,0,0.00000,0.00000,0.00000,,0,0,0,0
2017-05-25,541.56641,294.50606,247.06035,0.00000,225,1,0,0,0,0.00000,0.00000,0.00000,,0,0,0,0
2017-05-26,549.83403,302.77368,247.06035,0.00000,226,1,0,0,0,0.00000,0.00000,0.00000,,0,0,0,0
2017-05-27,541.56641,302.77368,238.79272,0.00000,225,0,0,0,0,0.00000,0.00000,0.00000,,0,0,0,0
2017-05-28,541.56641,302.77368,238.79272,0.00000,225,0,0,0,0,0.00000,0.00000,0.00000,,0,0,0,0
2017-05-29,543.80090,305.67852,238.12238,0.00000,226,2,0,0,0,0.00000,0.00000,0.00000,,0,0,0,0
2017-05-30,543.80090,305.67852,238.12238,0.00000,226,0,0,0,0,0.00000,0.00000,0.00000,,0,0,0,0
2017-05-31,548.49333,310.37096,238.12238,0.00000,228,2,0,0,0,0.00000,0.00000,0.00000,,0,0,0,0
2017-06-01,548.71678,310.37096,238.34583,0.00000,229,1,0,0,0,0.00000,0.00000,0.00000,,0,0,0,0
2017-06-02,552.96232,314.61649,238.34583,0.00000,229,1,0,1,0,0.00000,200.00000,0.00000,,0,0,0,0
2017-06-03,552.96232,314.61649,238.34583,0.00000,229,0,0,0,0,0.00000,0.00000,0.00000,,0,0,0,0
2017-06-04,552.96232,314.61649,238.34583,0.00000,229,0,0,0,0,0.00000,0.00000,0.00000,,0,0,0,0
2017-06-05,554.74991,316.40409,238.34583,0.00000,231,2,0,0,0,0.00000,0.00000,0.00000,,0,0,0,0
2017-06-06,563.01753,324.67171,238.34583,0.00000,232,1,0,0,0,0.00000,0.00000,0.00000,,0,0,0,0
2017-06-07,558.10165,319.75582,238.34583,0.00000,230,0,0,2,0,0.00000,400.00000,0.00000,,0,0,0,0
2017-06-08,558.54855,320.20272,238.34583,0.00000,231,1,0,0,0,0.00000,0.00000,0.00000,,0,0,0,0
2017-06-09,552.06852,322.66066,229.40786,0.00000,230,1,0,1,0,0.00000,200.00000,0.00000,,0,0,0,0
2017-06-10,551.36093,319.97927,231.38166,0.00000,230,1,0,1,0,0.00000,200.00000,0.00000,,0,0,0,0
2017-06-11,559.62855,319.97927,239.64928,0.00000,231,1,0,0,0,0.00000,0.00000,0.00000,,0,0,0,0
2017-06-12,568.56652,319.97927,248.58725,0.00000,232,1,0,0,0,0.00000,0.00000,0.00000,,0,0,0,0
2017-06-13,568.11962,319.97927,248.14035,0.00000,231,0,0,0,0,0.00000,0.00000,0.00000,,0,0,0,0
2017-06-14,574.15275,326.01240,248.14035,0.00000,232,1,0,0,0,0.00000,0.00000,0.00000,,0,0,0,0
2017-06-15,576.83414,328.69379,248.14035,0.00000,233,1,0,0,0,0.00000,0.00000,0.00000,,0,0,0,0
2017-06-16,572.36516,333.16278,239.20238,0.00000,235,3,0,0,0,0.00000,0.00000,0.00000,,0,0,0,0
2017-06-17,572.14171,332.71588,239.42583,0.00000,235,1,0,1,0,0.00000,200.00000,0.00000,,0,0,0,0
2017-06-18,571.91826,332.49243,239.42583,0.00000,234,0,0,1,0,0.00000,200.00000,0.00000,,0,0,0,0
2017-06-19,574.82310,335.39727,239.42583,0.00000,236,2,0,0,0,0.00000,0.00000,0.00000,,0,0,0,0
2017-06-20,575.27000,335.84417,239.42583,0.00000,237,1,0,0,0,0.00000,0.00000,0.00000,,0,0,0,0
2017-06-21,575.27000,335.84417,239.42583,0.00000,237,0,0,0,0,0.00000,0.00000,0.00000,,0,0,0,0
2017-06-22,574.59965,335.17382,239.42583,0.00000,235,0,0,2,0,0.00000,400.00000,0.00000,,0,0,0,0
2017-06-23,578.39829,338.30211,240.09618,0.00000,236,3,0,2,0,0.00000,400.00000,0.00000,,0,0,0,0
2017-06-24,576.42449,338.30211,238.12238,0.00000,235,0,0,0,0,0.00000,0.00000,0.00000,,0,0,0,0
2017-06-25,574.18999,336.06762,238.12238,0.00000,235,1,0,1,0,0.00000,200.00000,0.00000,,0,0,0,0
2017-06-26,574.18999,336.06762,238.12238,0.00000,235,0,0,0,0,0.00000,0.00000,0.00000,,0,0,0,0
2017-06-27,576.38725,336.29107,240.09618,0.00000,237,2,0,0,0,0.00000,0.00000,0.00000,,0,0,0,0
2017-06-28,576.38725,336.29107,240.09618,0.00000,237,0,0,0,0,0.00000,0.00000,0.00000,,0,0,0,0
2017-06-29,575.71690,335.62072,240.09618,0.00000,235,0,0,2,0,0.00000,400.00000,0.00000,,0,0,0,0
2017-06-30,585.95832,335.62072,250.33760,0.00000,237,2,0,0,0,0.00000,0.00000,0.00000,,0,0,0,0
2017-07-01,586.40522,335.62072,250.78450,0.00000,238,1,0,0,0,0.00000,0.00000,0.00000,,0,0,0,0
2017-07-02,586.40522,335.62072,250.78450,0.00000,238,0,0,0,0,0.00000,0.00000,0.00000,,0,0,0,0
2017-07-03,591.32110,339.86625,251.45485,0.00000,241,3,0,0,0,0.00000,0.00000,0.00000,,0,0,0,0
2017-07-04,594.44939,342.99454,251.45485,0.00000,243,2,0,0,0,0.00000,0.00000,0.00000,,0,0,0,0
2017-07-05,594.44939,342.99454,251.45485,0.00000,243,0,0,0,0,0.00000,0.00000,0.00000,,0,0,0,0
2017-07-06,600.48252,349.02767,251.45485,0.00000,244,1,0,0,0,0.00000,0.00000,0.00000,,0,0,0,0
2017-07-07,600.48252,349.02767,251.45485,0.00000,244,0,0,0,0,0.00000,0.00000,0.00000,,0,0,0,0
2017-07-08,600.70597,349.25112,251.45485,0.00000,245,1,0,0,0,0.00000,0.00000,0.00000,,0,0,0,0
2017-07-09,603.61081,352.15596,251.45485,0.00000,247,2,0,0,0,0.00000,0.00000,0.00000,,0,0,0,0
2017-07-10,603.83426,352.37941,251.45485,0.00000,248,1,0,0,0,0.00000,0.00000,0.00000,,0,0,0,0
2017-07-11,606.51565,355.06080,251.45485,0.00000,249,1,0,0,0,0.00000,0.00000,0.00000,,0,0,0,0
2017-07-12,606.29220,354.83735,251.45485,0.00000,248,0,0,1,0,0.00000,200.00000,0.00000,,0,0,0,0
2017-07-13,605.62185,354.61390,251.00795,0.00000,246,0,0,1,0,0.00000,200.00000,0.00000,,0,0,0,0
2017-07-14,605.84530,354.83735,251.00795,0.00000,247,1,0,0,0,0.00000,0.00000,0.00000,,0,0,0,0
2017-07-15,605.84530,354.83735,251.00795,0.00000,247,0,0,0,0,0.00000,0.00000,0.00000,,0,0,0,0
2017-07-16,597.57768,354.83735,242.74033,0.00000,246,0,0,0,0,0.00000,0.00000,0.00000,,0,0,0,0
2017-07-17,598.24803,356.40150,241.84653,0.00000,245,1,0,0,0,0.00000,0.00000,0.00000,,0,0,0,0
2017-07-18,601.15287,359.30634,241.84653,0.00000,247,2,0,0,0,0.00000,0.00000,0.00000,,0,0,0,0
2017-07-19,601.82321,359.30634,242.51688,0.00000,248,1,0,0,0,0.00000,0.00000,0.00000,,0,0,0,0
2017-07-20,587.29901,361.98773,225.31129,0.00000,247,1,0,0,0,0.00000,0.00000,0.00000,,0,0,0,0
2017-07-21,597.80113,363.55187,234.24926,0.00000,249,2,0,0,0,0.00000,0.00000,0.00000,,0,0,0,0
2017-07-22,598.02458,363.77532,234.24926,0.00000,250,1,0,0,0,0.00000,0.00000,0.00000,,0,0,0,0
2017-07-23,600.22183,363.99877,236.22306,0.00000,252,2,0,0,0,0.00000,0.00000,0.00000,,0,0,0,0
2017-07-24,602.90322,366.68016,236.22306,0.00000,253,1,0,0,0,0.00000,0.00000,0.00000,,0,0,0,0
2017-07-25,610.72394,374.94778,235.77616,0.00000,253,1,0,0,0,0.00000,0.00000,0.00000,,0,0,0,0
2017-07-26,617.16673,379.41676,237.74996,0.00000,255,2,0,0,0,0.00000,0.00000,0.00000,,0,0,0,0
2017-07-27,618.06052,380.31056,237.74996,0.00000,254,1,0,2,0,0.00000,400.00000,0.00000,,0,0,0,0
2017-07-28,618.06052,380.31056,237.74996,0.00000,254,0,0,0,0,0.00000,0.00000,0.00000,,0,0,0,0
2017-07-29,618.06052,380.31056,237.74996,0.00000,254,0,0,0,0,0.00000,0.00000,0.00000,,0,0,0,0
2017-07-30,610.01635,379.86366,230.15269,0.00000,252,1,0,2,0,0.00000,400.00000,0.00000,,0,0,0,0
2017-07-31,615.37913,385.22644,230.15269,0.00000,254,2,0,0,0,0.00000,0.00000,0.00000,,0,0,0,0
2017-08-01,617.35293,385.22644,232.12649,0.00000,255,1,0,0,0,0.00000,0.00000,0.00000,,0,0,0,0
2017-08-02,617.35293,385.22644,232.12649,0.00000,255,0,0,0,0,0.00000,0.00000,0.00000,,0,0,0,0
2017-08-03,635.37784,399.30374,236.07409,0.00000,261,6,0,0,0,0.00000,0.00000,0.00000,,0,0,0,0
2017-08-04,635.82474,399.30374,236.52099,0.00000,262,1,0,0,0,0.00000,0.00000,0.00000,,0,0,0,0
2017-08-05,638.50613,401.98514,236.52099,0.00000,263,1,0,0,0,0.00000,0.00000,0.00000,,0,0,0,0
2017-08-06,641.18752,404.66653,236.52099,0.00000,264,1,0,0,0,0.00000,0.00000,0.00000,,0,0,0,0
2017-08-07,643.86891,407.34792,236.52099,0.00000,265,1,0,0,0,0.00000,0.00000,0.00000,,0,0,0,0
2017-08-08,643.86891,407.34792,236.52099,0.00000,265,0,0,0,0,0.00000,0.00000,0.00000,,0,0,0,0
2017-08-09,647.22065,410.25276,236.96789,0.00000,268,3,0,0,0,0.00000,0.00000,0.00000,,0,0,0,0
2017-08-10,640.96407,412.93415,228.02992,0.00000,268,1,0,0,0,0.00000,0.00000,0.00000,,0,0,0,0
2017-08-11,645.87995,417.85003,228.02992,0.00000,273,5,0,0,0,0.00000,0.00000,0.00000,,0,0,0,0
2017-08-12,645.43305,417.40313,228.02992,0.00000,272,0,0,1,0,0.00000,200.00000,0.00000,,0,0,0,0
2017-08-13,648.11444,420.08452,228.02992,0.00000,273,1,0,0,0,0.00000,0.00000,0.00000,,0,0,0,0
2017-08-14,656.60551,420.30797,236.29754,0.00000,275,2,0,0,0,0.00000,0.00000,0.00000,,0,0,0,0
2017-08-15,658.16966,421.87212,236.29754,0.00000,276,1,0,0,0,0.00000,0.00000,0.00000,,0,0,0,0
2017-08-16,658.16966,421.87212,236.29754,0.00000,276,0,0,0,0,0.00000,0.00000,0.00000,,0,0,0,0
2017-08-17,669.78902,424.55351,245.23551,0.00000,278,2,0,0,0,0.00000,0.00000,0.00000,,0,0,0,0
2017-08-18,672.47041,427.23490,245.23551,0.00000,279,1,0,0,0,0.00000,0.00000,0.00000,,0,0,0,0
2017-08-19,686.77116,441.53565,245.23551,0.00000,281,2,0,0,0,0.00000,0.00000,0.00000,,0,0,0,0
2017-08-20,697.49672,452.26121,245.23551,0.00000,282,2,0,1,0,0.00000,200.00000,0.00000,,0,0,0,0
2017-08-21,697.49672,452.26121,245.23551,0.00000,282,0,0,0,0,0.00000,0.00000,0.00000,,0,0,0,0
2017-08-22,695.52292,452.26121,243.26171,0.00000,281,0,0,0,0,0.00000,0.00000,0.00000,,0,0,0,0
2017-08-23,695.52292,452.26121,243.26171,0.00000,281,0,0,0,0,0.00000,0.00000,0.00000,,0,0,0,0
2017-08-24,695.74637,452.48466,243.26171,0.00000,282,1,0,0,0,0.00000,0.00000,0.00000,,0,0,0,0
2017-08-25,715.40990,472.14819,243.26171,0.00000,286,4,0,0,0,0.00000,0.00000,0.00000,,0,0,0,0
2017-08-26,715.85680,472.59509,243.26171,0.00000,287,1,0,0,0,0.00000,0.00000,0.00000,,0,0,0,0
2017-08-27,718.98508,475.27648,243.70861,0.00000,289,2,0,0,0,0.00000,0.00000,0.00000,,0,0,0,0
2017-08-28,718.98508,475.27648,243.70861,0.00000,289,0,0,0,0,0.00000,0.00000,0.00000,,0,0,0,0
2017-08-29,719.20853,475.49993,243.70861,0.00000,290,1,0,0,0,0.00000,0.00000,0.00000,,0,0,0,0
2017-08-30,721.88992,478.18132,243.70861,0.00000,291,1,0,0,0,0.00000,0.00000,0.00000,,0,0,0,0
2017-08-31,729.71065,477.73442,251.97623,0.00000,291,1,0,1,0,0.00000,200.00000,0.00000,,0,0,0,0
2017-09-01,732.83894,480.19236,252.64658,0.00000,292,2,0,1,0,0.00000,200.00000,0.00000,,0,0,0,0
2017-09-02,747.13969,485.55514,261.58454,0.00000,295,3,0,0,0,0.00000,0.00000,0.00000,,0,0,0,0
2017-09-03,751.60867,490.02413,261.58454,0.00000,296,1,0,0,0,0.00000,0.00000,0.00000,,0,0,0,0
2017-09-04,751.60867,490.02413,261.58454,0.00000,296,0,0,0,0,0.00000,0.00000,0.00000,,0,0,0,0
2017-09-05,760.32319,498.73864,261.58454,0.00000,298,2,0,0,0,0.00000,0.00000,0.00000,,0,0,0,0
2017-09-06,765.68597,504.10143,261.58454,0.00000,300,2,0,0,0,0.00000,0.00000,0.00000,,0,0,0,0
2017-09-07,765.68597,504.10143,261.58454,0.00000,300,0,0,0,0,0.00000,0.00000,0.00000,,0,0,0,0
2017-09-08,769.93151,508.34696,261.58454,0.00000,302,2,0,0,0,0.00000,0.00000,0.00000,,0,0,0,0
2017-09-09,771.49565,509.91111,261.58454,0.00000,303,1,0,0,0,0.00000,0.00000,0.00000,,0,0,0,0
2017-09-10,788.70124,510.58145,278.11979,0.00000,307,4,0,0,0,0.00000,0.00000,0.00000,,0,0,0,0
2017-09-11,788.70124,510.58145,278.11979,0.00000,307,0,0,0,0,0.00000,0.00000,0.00000,,0,0,0,0
2017-09-12,790.67504,510.58145,280.09359,0.00000,308,1,0,0,0,0.00000,0.00000,0.00000,,0,0,0,0
2017-09-13,790.67504,510.58145,280.09359,0.00000,308,0,0,0,0,0.00000,0.00000,0.00000,,0,0,0,0
2017-09-14,790.67504,510.58145,280.09359,0.00000,308,0,0,0,0,0.00000,0.00000,0.00000,,0,0,0,0
2017-09-15,790.67504,510.58145,280.09359,0.00000,308,0,0,0,0,0.00000,0.00000,0.00000,,0,0,0,0
2017-09-16,792.64884,510.58145,282.06739,0.00000,309,1,0,0,0,0.00000,0.00000,0.00000,,0,0,0,0
2017-09-17,795.33023,513.26284,282.06739,0.00000,310,1,0,0,0,0.00000,0.00000,0.00000,,0,0,0,0
2017-09-18,806.27924,515.94423,290.33501,0.00000,312,2,0,0,0,0.00000,0.00000,0.00000,,0,0,0,0
2017-09-19,810.93444,518.62562,292.30881,0.00000,314,2,0,0,0,0.00000,0.00000,0.00000,,0,0,0,0
2017-09-20,810.26409,518.17873,292.08536,0.00000,312,0,0,1,0,0.00000,200.00000,0.00000,,0,0,0,0
2017-09-21,808.29029,518.17873,290.11156,0.00000,311,0,0,0,0,0.00000,0.00000,0.00000,,0,0,0,0
2017-09-22,816.78136,526.66980,290.11156,0.00000,313,3,0,0,0,0.00000,0.00000,0.00000,,0,0,0,0
2017-09-23,815.03100,526.89325,288.13776,0.00000,312,1,0,1,0,0.00000,200.00000,0.00000,,0,0,0,0
2017-09-24,815.03100,526.89325,288.13776,0.00000,312,0,0,0,0,0.00000,0.00000,0.00000,,0,0,0,0
2017-09-25,815.03100,526.89325,288.13776,0.00000,312,0,0,0,0,0.00000,0.00000,0.00000,,0,0,0,0
2017-09-26,812.61031,526.44635,286.16396,0.00000,310,0,0,1,0,0.00000,200.00000,0.00000,,0,0,0,0
2017-09-27,813.05720,526.89325,286.16396,0.00000,311,1,0,0,0,0.00000,0.00000,0.00000,,0,0,0,0
2017-09-28,813.05720,526.89325,286.16396,0.00000,311,0,0,0,0,0.00000,0.00000,0.00000,,0,0,0,0
2017-09-29,821.32482,535.16087,286.16396,0.00000,312,1,0,0,0,0.00000,0.00000,0.00000,,0,0,0,0
2017-09-30,821.77172,535.16087,286.61086,0.00000,313,1,0,0,0,0.00000,0.00000,0.00000,,0,0,0,0
2017-10-01,821.77172,535.16087,286.61086,0.00000,313,0,0,0,0,0.00000,0.00000,0.00000,,0,0,0,0
2017-10-02,821.77172,535.16087,286.61086,0.00000,313,0,0,0,0,0.00000,0.00000,0.00000,,0,0,0,0
2017-10-03,821.77172,535.16087,286.61086,0.00000,313,0,0,0,0,0.00000,0.00000,0.00000,,0,0,0,0
2017-10-04,824.67656,538.06571,286.61086,0.00000,314,2,0,1,0,0.00000,200.00000,0.00000,,0,0,0,0
2017-10-05,824.67656,538.06571,286.61086,0.00000,314,0,0,0,0,0.00000,0.00000,0.00000,,0,0,0,0
2017-10-06,826.20347,538.06571,288.13776,0.00000,314,1,0,0,0,0.00000,0.00000,0.00000,,0,0,0,0
2017-10-07,826.20347,538.06571,288.13776,0.00000,314,0,0,0,0,0.00000,0.00000,0.00000,,0,0,0,0
2017-10-08,817.48895,538.06571,279.42324,0.00000,312,0,0,0,0,0.00000,0.00000,0.00000,,0,0,0,0
2017-10-09,817.48895,538.06571,279.42324,0.00000,312,0,0,0,0,0.00000,0.00000,0.00000,,0,0,0,0
2017-10-10,817.71240,538.28916,279.42324,0.00000,313,1,0,0,0,0.00000,0.00000,0.00000,,0,0,0,0
2017-10-11,820.17034,540.74710,279.42324,0.00000,313,1,0,1,0,0.00000,200.00000,0.00000,,0,0,0,0
2017-10-12,820.61724,540.74710,279.87014,0.00000,314,1,0,0,0,0.00000,0.00000,0.00000,,0,0,0,0
2017-10-13,820.61724,540.97055,279.64669,0.00000,314,1,0,0,0,0.00000,0.00000,0.00000,,0,0,0,0
2017-10-14,819.94689,540.97055,278.97634,0.00000,313,0,0,0,0,0.00000,0.00000,0.00000,,0,0,0,0
2017-10-15,809.25857,532.70293,276.55564,0.00000,310,0,0,1,0,0.00000,200.00000,0.00000,,0,0,0,0
2017-10-16,812.16341,535.60777,276.55564,0.00000,312,2,0,0,0,0.00000,0.00000,0.00000,,0,0,0,0
2017-10-17,814.39790,529.57464,284.82326,0.00000,312,1,0,1,0,0.00000,200.00000,0.00000,,0,0,0,0
2017-10-18,813.72755,528.90429,284.82326,0.00000,310,0,0,2,0,0.00000,400.00000,0.00000,,0,0,0,0
2017-10-19,814.39790,528.90429,285.49361,0.00000,311,1,0,0,0,0.00000,0.00000,0.00000,,0,0,0,0
2017-10-20,817.07929,531.58568,285.49361,0.00000,312,1,0,0,0,0.00000,0.00000,0.00000,,0,0,0,0
2017-10-21,819.53723,534.04362,285.49361,0.00000,312,1,0,1,0,0.00000,200.00000,0.00000,,0,0,0,0
2017-10-22,817.78688,534.26707,283.51981,0.00000,312,1,0,0,0,0.00000,0.00000,0.00000,,0,0,0,0
2017-10-23,818.23378,534.26707,283.96671,0.00000,313,1,0,0,0,0.00000,0.00000,0.00000,,0,0,0,0
2017-10-24,816.70687,534.71397,281.99291,0.00000,314,2,0,0,0,0.00000,0.00000,0.00000,,0,0,0,0
2017-10-25,808.43925,534.71397,273.72528,0.00000,313,0,0,0,0,0.00000,0.00000,0.00000,,0,0,0,0
2017-10-26,808.66270,534.71397,273.94873,0.00000,314,1,0,0,0,0.00000,0.00000,0.00000,,0,0,0,0
2017-10-27,813.13169,539.18295,273.94873,0.00000,315,1,0,0,0,0.00000,0.00000,0.00000,,0,0,0,0
2017-10-28,813.13169,539.40640,273.72528,0.00000,316,2,0,0,0,0.00000,0.00000,0.00000,,0,0,0,0
2017-10-29,812.90824,539.18295,273.72528,0.00000,315,0,0,1,0,0.00000,200.00000,0.00000,,0,0,0,0
2017-10-30,815.58963,541.86434,273.72528,0.00000,316,1,0,0,0,0.00000,0.00000,0.00000,,0,0,0,0
2017-10-31,818.27102,544.54573,273.72528,0.00000,317,1,0,0,0,0.00000,0.00000,0.00000,,0,0,0,0
2017-11-01,818.27102,544.54573,273.72528,0.00000,317,0,0,0,0,0.00000,0.00000,0.00000,,0,0,0,0
2017-11-02,820.95241,547.22712,273.72528,0.00000,318,1,0,0,0,0.00000,0.00000,0.00000,,0,0,0,0
2017-11-03,820.95241,547.22712,273.72528,0.00000,318,0,0,0,0,0.00000,0.00000,0.00000,,0,0,0,0
2017-11-04,821.66000,549.90851,271.75148,0.00000,318,1,0,0,0,0.00000,0.00000,0.00000,,0,0,0,0
2017-11-05,821.21310,549.46162,271.75148,0.00000,316,1,0,3,0,0.00000,600.00000,0.00000,,0,0,0,0
2017-11-06,817.86136,546.10988,271.75148,0.00000,316,1,0,1,0,0.00000,200.00000,0.00000,,0,0,0,0
2017-11-07,817.86136,546.10988,271.75148,0.00000,316,0,0,0,0,0.00000,0.00000,0.00000,,0,0,0,0
2017-11-08,815.88756,546.10988,269.77768,0.00000,315,0,0,0,0,0.00000,0.00000,0.00000,,0,0,0,0
2017-11-09,818.56895,548.79127,269.77768,0.00000,316,1,0,0,0,0.00000,0.00000,0.00000,,0,0,0,0
2017-11-10,821.47379,551.69611,269.77768,0.00000,318,2,0,0,0,0.00000,0.00000,0.00000,,0,0,0,0
2017-11-11,823.22414,551.69611,271.52803,0.00000,318,1,0,0,0,0.00000,0.00000,0.00000,,0,0,0,0
2017-11-12,822.77724,551.69611,271.08114,0.00000,317,0,0,0,0,0.00000,0.00000,0.00000,,0,0,0,0
2017-11-13,825.23519,554.15405,271.08114,0.00000,317,1,0,1,0,0.00000,200.00000,0.00000,,0,0,0,0
2017-11-14,827.24623,555.71819,271.52803,0.00000,319,2,0,0,0,0.00000,0.00000,0.00000,,0,0,0,0
2017-11-15,825.27243,555.94164,269.33078,0.00000,317,1,0,1,0,0.00000,200.00000,0.00000,,0,0,0,0
2017-11-16,829.92762,558.62303,271.30459,0.00000,319,2,0,0,0,0.00000,0.00000,0.00000,,0,0,0,0
2017-11-17,827.95382,558.62303,269.33078,0.00000,318,0,0,0,0,0.00000,0.00000,0.00000,,0,0,0,0
2017-11-18,830.63521,561.30442,269.33078,0.00000,319,1,0,0,0,0.00000,0.00000,0.00000,,0,0,0,0
2017-11-19,830.41176,561.30442,269.10733,0.00000,318,0,0,0,0,0.00000,0.00000,0.00000,,0,0,0,0
2017-11-20,830.41176,561.30442,269.10733,0.00000,318,0,0,0,0,0.00000,0.00000,0.00000,,0,0,0,0
2017-11-21,835.06695,563.98582,271.08114,0.00000,320,2,0,0,0,0.00000,0.00000,0.00000,,0,0,0,0
2017-11-22,835.29040,564.20926,271.08114,0.00000,321,1,0,0,0,0.00000,0.00000,0.00000,,0,0,0,0
2017-11-23,835.29040,564.20926,271.08114,0.00000,321,0,0,0,0,0.00000,0.00000,0.00000,,0,0,0,0
2017-11-24,836.44489,567.33755,269.10733,0.00000,322,2,0,0,0,0.00000,0.00000,0.00000,,0,0,0,0
2017-11-25,836.66834,567.56100,269.10733,0.00000,323,1,0,0,0,0.00000,0.00000,0.00000,,0,0,0,0
2017-11-26,836.89179,567.78445,269.10733,0.00000,324,1,0,0,0,0.00000,0.00000,0.00000,,0,0,0,0
2017-11-27,836.89179,567.78445,269.10733,0.00000,324,0,0,0,0,0.00000,0.00000,0.00000,,0,0,0,0
2017-11-28,836.89179,567.78445,269.10733,0.00000,324,0,0,0,0,0.00000,0.00000,0.00000,,0,0,0,0
2017-11-29,839.79663,570.68929,269.10733,0.00000,326,2,0,0,0,0.00000,0.00000,0.00000,,0,0,0,0
2017-11-30,840.02008,570.91274,269.10733,0.00000,327,1,0,0,0,0.00000,0.00000,0.00000,,0,0,0,0
2017-12-01,845.38286,576.27552,269.10733,0.00000,329,2,0,0,0,0.00000,0.00000,0.00000,,0,0,0,0
2017-12-02,845.38286,576.27552,269.10733,0.00000,329,0,0,0,0,0.00000,0.00000,0.00000,,0,0,0,0
2017-12-03,847.35666,576.27552,271.08114,0.00000,330,1,0,0,0,0.00000,0.00000,0.00000,,0,0,0,0
2017-12-04,843.55802,580.74451,262.81351,0.00000,330,1,0,0,0,0.00000,0.00000,0.00000,,0,0,0,0
2017-12-05,848.02701,585.21349,262.81351,0.00000,331,1,0,0,0,0.00000,0.00000,0.00000,,0,0,0,0
2017-12-06,847.35666,585.21349,262.14317,0.00000,330,0,0,0,0,0.00000,0.00000,0.00000,,0,0,0,0
2017-12-07,856.29463,585.21349,271.08114,0.00000,331,1,0,0,0,0.00000,0.00000,0.00000,,0,0,0,0
2017-12-08,864.33880,593.25766,271.08114,0.00000,331,1,0,1,0,0.00000,200.00000,0.00000,,0,0,0,0
2017-12-09,867.02019,595.93905,271.08114,0.00000,332,1,0,0,0,0.00000,0.00000,0.00000,,0,0,0,0
2017-12-10,867.24364,595.93905,271.30459,0.00000,333,1,0,0,0,0.00000,0.00000,0.00000,,0,0,0,0
2017-12-11,867.46709,595.93905,271.52803,0.00000,334,2,0,1,0,0.00000,200.00000,0.00000,,0,0,0,0
2017-12-12,864.78570,593.25766,271.52803,0.00000,333,0,0,1,0,0.00000,200.00000,0.00000,,0,0,0,0
2017-12-13,864.78570,593.25766,271.52803,0.00000,333,0,0,0,0,0.00000,0.00000,0.00000,,0,0,0,0
2017-12-14,865.00915,593.48111,271.52803,0.00000,334,1,0,0,0,0.00000,0.00000,0.00000,,0,0,0,0
2017-12-15,867.02019,595.04526,271.97493,0.00000,336,2,0,0,0,0.00000,0.00000,0.00000,,0,0,0,0
2017-12-16,884.22578,603.31288,280.91290,0.00000,338,2,0,0,0,0.00000,0.00000,0.00000,,0,0,0,0
2017-12-17,893.38720,612.47429,280.91290,0.00000,342,4,0,0,0,0.00000,0.00000,0.00000,,0,0,0,0
2017-12-18,898.30308,617.39018,280.91290,0.00000,344,2,0,0,0,0.00000,0.00000,0.00000,,0,0,0,0
2017-12-19,898.30308,617.39018,280.91290,0.00000,344,0,0,0,0,0.00000,0.00000,0.00000,,0,0,0,0
2017-12-20,896.32928,617.39018,278.93910,0.00000,343,0,0,0,0,0.00000,0.00000,0.00000,,0,0,0,0
2017-12-21,904.15000,625.21090,278.93910,0.00000,342,1,0,2,0,0.00000,400.00000,0.00000,,0,0,0,0
2017-12-22,904.82035,625.65780,279.16255,0.00000,344,2,0,0,0,0.00000,0.00000,0.00000,,0,0,0,0
2017-12-23,904.59690,625.43435,279.16255,0.00000,343,0,0,1,0,0.00000,200.00000,0.00000,,0,0,0,0
2017-12-24,906.57070,625.43435,281.13635,0.00000,344,1,0,0,0,0.00000,0.00000,0.00000,,0,0,0,0
2017-12-25,917.51971,636.38336,281.13635,0.00000,346,2,0,0,0,0.00000,0.00000,0.00000,,0,0,0,0
2017-12-26,919.97765,638.84130,281.13635,0.00000,346,1,0,1,0,0.00000,200.00000,0.00000,,0,0,0,0
2017-12-27,929.54873,646.43857,283.11015,0.00000,349,4,0,1,0,0.00000,200.00000,0.00000,,0,0,0,0
2017-12-28,937.55566,652.47170,285.08395,0.00000,351,2,0,0,0,0.00000,0.00000,0.00000,,0,0,0,0
2017-12-29,941.80119,655.59999,286.20120,0.00000,355,4,0,0,0,0.00000,0.00000,0.00000,,0,0,0,0
2017-12-30,941.80119,655.59999,286.20120,0.00000,355,0,0,0,0,0.00000,0.00000,0.00000,,0,0,0,0
2017-12-31,941.80119,655.59999,286.20120,0.00000,355,0,0,0,0,0.00000,0.00000,0.00000,,0,0,0,0
2018-01-01,941.80119,655.59999,286.20120,2876.00000,355,0,0,0,38,0.00000,0.00000,2876.00000,,38,3,180,300
2018-01-02,941.80119,655.59999,286.20120,2876.00000,355,0,0,0,63,0.00000,0.00000,2876.00000,,63,3,180,360
2018-01-03,945.78604,658.28138,287.50465,2876.00000,355,2,0,0,40,0.00000,0.00000,2876.00000,,40,3,180,300
2018-01-04,943.55154,655.37654,288.17500,2876.00000,354,1,0,2,55,0.00000,400.00000,2876.00000,,55,3,180,360
2018-01-05,945.30190,655.37654,289.92535,0.00000,354,1,0,0,0,0.00000,0.00000,0.00000,,0,0,0,0
2018-01-06,943.32809,655.37654,287.95155,0.00000,353,0,0,0,0,0.00000,0.00000,0.00000,,0,0,0,0
2018-01-07,952.04261,655.59999,296.44262,0.00000,354,2,0,0,0,0.00000,0.00000,0.00000,,0,0,0,0
2018-01-08,958.29919,661.85657,296.44262,0.00000,357,3,0,0,0,0.00000,0.00000,0.00000,,0,0,0,0
2018-01-09,958.52264,661.63312,296.88952,0.00000,357,1,0,1,0,0.00000,200.00000,0.00000,,0,0,0,0
2018-01-10,958.52264,661.63312,296.88952,0.00000,357,0,0,0,0,0.00000,0.00000,0.00000,,0,0,0,0
2018-01-11,958.52264,661.63312,296.88952,0.00000,357,0,0,0,0,0.00000,0.00000,0.00000,,0,0,0,0
2018-01-12,960.49644,661.63312,298.86332,0.00000,358,1,0,0,0,0.00000,0.00000,0.00000,,0,0,0,0
2018-01-13,972.11580,664.31451,307.80129,0.00000,360,2,0,0,0,0.00000,0.00000,0.00000,,0,0,0,0
2018-01-14,973.67995,665.87866,307.80129,0.00000,361,1,0,0,0,0.00000,0.00000,0.00000,,0,0,0,0
2018-01-15,973.90340,666.10211,307.80129,0.00000,362,1,0,0,0,0.00000,0.00000,0.00000,,0,0,0,0
2018-01-16,862.84914,555.04785,307.80129,6600.00000,329,0,33,0,0,6600.00000,0.00000,0.00000,,0,0,0,0
2018-01-17,683.86632,375.39468,308.47164,11200.00000,274,1,56,0,0,11200.00000,0.00000,0.00000,,0,0,0,0
2018-01-18,544.69470,238.19686,306.49784,7000.00000,239,1,35,0,0,7000.00000,0.00000,0.00000,,0,0,0,0
2018-01-19,392.30233,85.80450,306.49784,8800.00000,195,0,44,0,0,8800.00000,0.00000,0.00000,,0,0,0,0
2018-01-20,392.30233,85.80450,306.49784,0.00000,195,0,0,0,0,0.00000,0.00000,0.00000,,0,0,0,0
2018-01-21,401.24030,94.07212,307.16818,0.00000,197,2,0,0,0,0.00000,0.00000,0.00000,,0,0,0,0
2018-01-22,405.48584,98.31765,307.16818,0.00000,199,2,0,0,0,0.00000,0.00000,0.00000,,0,0,0,0
2018-01-23,403.73549,98.54110,305.19438,0.00000,199,1,0,0,0,0.00000,0.00000,0.00000,,0,0,0,0
2018-01-24,407.72033,100.55215,307.16818,0.00000,199,2,0,2,0,0.00000,400.00000,0.00000,,0,0,0,0
2018-01-25,415.98795,108.81977,307.16818,0.00000,200,1,0,0,0,0.00000,0.00000,0.00000,,0,0,0,0
2018-01-26,416.65830,108.81977,307.83853,0.00000,201,1,0,0,0,0.00000,0.00000,0.00000,,0,0,0,0
2018-01-27,416.65830,108.81977,307.83853,0.00000,201,0,0,0,0,0.00000,0.00000,0.00000,,0,0,0,0
2018-01-28,416.65830,108.81977,307.83853,0.00000,201,0,0,0,0,0.00000,0.00000,0.00000,,0,0,0,0
2018-01-29,424.92592,108.81977,316.10615,0.00000,202,2,0,1,0,0.00000,200.00000,0.00000,,0,0,0,0
2018-01-30,427.83076,111.72461,316.10615,0.00000,204,2,0,0,0,0.00000,0.00000,0.00000,,0,0,0,0
2018-01-31,428.05421,111.94806,316.10615,0.00000,205,1,0,0,0,0.00000,0.00000,0.00000,,0,0,0,0
2018-02-01,440.97702,114.62945,326.34757,0.00000,208,3,0,0,0,0.00000,0.00000,0.00000,,0,0,0,0
2018-02-02,443.65841,117.31084,326.34757,0.00000,209,1,0,0,0,0.00000,0.00000,0.00000,,0,0,0,0
2018-02-03,443.65841,117.31084,326.34757,0.00000,209,0,0,0,0,0.00000,0.00000,0.00000,,0,0,0,0
2018-02-04,444.96187,117.31084,327.65103,0.00000,209,1,0,0,0,0.00000,0.00000,0.00000,,0,0,0,0
2018-02-05,450.06396,119.99223,330.07173,0.00000,212,3,0,0,0,0.00000,0.00000,0.00000,,0,0,0,0
2018-02-06,456.54398,126.69570,329.84828,0.00000,214,3,0,0,0,0.00000,0.00000,0.00000,,0,0,0,0
2018-02-07,456.54398,126.69570,329.84828,0.00000,214,0,0,0,0,0.00000,0.00000,0.00000,,0,0,0,0
2018-02-08,464.81160,134.96333,329.84828,0.00000,215,1,0,0,0,0.00000,0.00000,0.00000,,0,0,0,0
2018-02-09,467.93989,137.64472,330.29518,0.00000,217,2,0,0,0,0.00000,0.00000,0.00000,,0,0,0,0
2018-02-10,459.00192,137.64472,321.35721,0.00000,216,0,0,0,0,0.00000,0.00000,0.00000,,0,0,0,0
2018-02-11,456.32053,134.96333,321.35721,0.00000,215,0,0,1,0,0.00000,200.00000,0.00000,,0,0,0,0
2018-02-12,448.05291,134.96333,313.08959,0.00000,214,0,0,0,0,0.00000,0.00000,0.00000,,0,0,0,0
2018-02-13,448.27636,134.96333,313.31304,0.00000,215,1,0,0,0,0.00000,0.00000,0.00000,,0,0,0,0
2018-02-14,448.27636,134.96333,313.31304,0.00000,215,0,0,0,0,0.00000,0.00000,0.00000,,0,0,0,0
2018-02-15,447.60601,134.73988,312.86614,0.00000,213,0,0,1,0,0.00000,200.00000,0.00000,,0,0,0,0
2018-02-16,445.85566,134.96333,310.89234,0.00000,213,1,0,0,0,0.00000,0.00000,0.00000,,0,0,0,0
2018-02-17,444.32876,135.41022,308.91854,0.00000,214,2,0,0,0,0.00000,0.00000,0.00000,,0,0,0,0
2018-02-18,449.02119,140.10266,308.91854,0.00000,216,2,0,0,0,0.00000,0.00000,0.00000,,0,0,0,0
2018-02-19,448.57429,139.65576,308.91854,0.00000,214,0,0,2,0,0.00000,400.00000,0.00000,,0,0,0,0
2018-02-20,442.98806,142.33715,300.65091,0.00000,214,1,0,0,0,0.00000,0.00000,0.00000,,0,0,0,0
2018-02-21,442.98806,142.33715,300.65091,0.00000,214,0,0,0,0,0.00000,0.00000,0.00000,,0,0,0,0
2018-02-22,442.76461,142.11370,300.65091,0.00000,213,0,0,1,0,0.00000,200.00000,0.00000,,0,0,0,0
2018-02-23,442.76461,142.11370,300.65091,0.00000,213,0,0,0,0,0.00000,0.00000,0.00000,,0,0,0,0
2018-02-24,449.46809,148.81718,300.65091,0.00000,216,3,0,0,0,0.00000,0.00000,0.00000,,0,0,0,0
2018-02-25,451.92603,151.27512,300.65091,0.00000,216,1,0,1,0,0.00000,200.00000,0.00000,,0,0,0,0
2018-02-26,451.92603,151.27512,300.65091,0.00000,216,0,0,0,0,0.00000,0.00000,0.00000,,0,0,0,0
2018-02-27,451.70258,151.05167,300.65091,0.00000,215,0,0,1,0,0.00000,200.00000,0.00000,,0,0,0,0
2018-02-28,451.92603,151.27512,300.65091,0.00000,215,1,0,1,0,0.00000,200.00000,0.00000,,0,0,0,0
2018-03-01,451.92603,151.27512,300.65091,0.00000,215,0,0,0,0,0.00000,0.00000,0.00000,,0,0,0,0
2018-03-02,451.92603,151.27512,300.65091,0.00000,215,0,0,0,0,0.00000,0.00000,0.00000,,0,0,0,0
2018-03-03,452.59638,151.94547,300.65091,0.00000,217,2,0,0,0,0.00000,0.00000,0.00000,,0,0,0,0
2018-03-04,454.83087,154.17996,300.65091,0.00000,217,1,0,1,0,0.00000,200.00000,0.00000,,0,0,0,0
2018-03-05,454.60742,153.95651,300.65091,0.00000,216,0,0,1,0,0.00000,200.00000,0.00000,,0,0,0,0
2018-03-06,445.66945,153.95651,291.71295,0.00000,215,0,0,0,0,0.00000,0.00000,0.00000,,0,0,0,0
2018-03-07,445.66945,153.95651,291.71295,0.00000,215,0,0,0,0,0.00000,0.00000,0.00000,,0,0,0,0
2018-03-08,447.68050,155.52065,292.15984,0.00000,217,2,0,0,0,0.00000,0.00000,0.00000,,0,0,0,0
2018-03-09,453.71363,161.55378,292.15984,0.00000,218,1,0,0,0,0.00000,0.00000,0.00000,,0,0,0,0
2018-03-10,456.39502,164.23517,292.15984,0.00000,219,1,0,0,0,0.00000,0.00000,0.00000,,0,0,0,0
2018-03-11,456.61847,164.45862,292.15984,0.00000,220,1,0,0,0,0.00000,0.00000,0.00000,,0,0,0,0
2018-03-12,456.61847,164.45862,292.15984,0.00000,220,0,0,0,0,0.00000,0.00000,0.00000,,0,0,0,0
2018-03-13,456.61847,164.45862,292.15984,0.00000,220,0,0,0,0,0.00000,0.00000,0.00000,,0,0,0,0
2018-03-14,456.84192,164.68207,292.15984,0.00000,221,1,0,0,0,0.00000,0.00000,0.00000,,0,0,0,0
2018-03-15,449.02119,164.90552,284.11567,0.00000,222,2,0,0,0,0.00000,0.00000,0.00000,,0,0,0,0
2018-03-16,451.70258,167.58691,284.11567,0.00000,223,1,0,0,0,0.00000,0.00000,0.00000,,0,0,0,0
2018-03-17,452.41017,170.26830,282.14187,0.00000,223,1,0,0,0,0.00000,0.00000,0.00000,,0,0,0,0
2018-03-18,452.18672,170.04485,282.14187,0.00000,223,1,0,1,0,0.00000,200.00000,0.00000,,0,0,0,0
2018-03-19,457.54950,175.40763,282.14187,0.00000,225,2,0,0,0,0.00000,0.00000,0.00000,,0,0,0,0
2018-03-20,449.28188,175.40763,273.87425,0.00000,224,0,0,0,0,0.00000,0.00000,0.00000,,0,0,0,0
2018-03-21,439.89702,175.63108,264.26593,0.00000,223,1,0,0,0,0.00000,0.00000,0.00000,,0,0,0,0
2018-03-22,439.89702,175.63108,264.26593,0.00000,223,0,0,0,0,0.00000,0.00000,0.00000,,0,0,0,0
2018-03-23,445.25980,180.99386,264.26593,0.00000,225,2,0,0,0,0.00000,0.00000,0.00000,,0,0,0,0
2018-03-24,447.94119,183.67525,264.26593,0.00000,226,1,0,0,0,0.00000,0.00000,0.00000,,0,0,0,0
2018-03-25,447.94119,183.67525,264.26593,0.00000,226,0,0,0,0,0.00000,0.00000,0.00000,,0,0,0,0
2018-03-26,447.94119,183.67525,264.26593,0.00000,226,0,0,0,0,0.00000,0.00000,0.00000,,0,0,0,0
2018-03-27,450.62258,186.35664,264.26593,0.00000,227,1,0,0,0,0.00000,0.00000,0.00000,,0,0,0,0
2018-03-28,452.37293,186.13320,266.23974,0.00000,227,1,0,1,0,0.00000,200.00000,0.00000,,0,0,0,0
2018-03-29,452.37293,186.13320,266.23974,0.00000,227,0,0,0,0,0.00000,0.00000,0.00000,,0,0,0,0
2018-03-30,457.28881,191.49598,265.79284,0.00000,228,2,0,0,0,0.00000,0.00000,0.00000,,0,0,0,0
2018-03-31,463.32194,197.52910,265.79284,0.00000,229,2,0,1,0,0.00000,200.00000,0.00000,,0,0,0,0
2018-04-01,463.32194,197.52910,265.79284,0.00000,229,0,0,0,0,0.00000,0.00000,0.00000,,0,0,0,0
2018-04-02,452.41017,197.52910,254.88107,0.00000,227,0,0,0,0,0.00000,0.00000,0.00000,,0,0,0,0
2018-04-03,458.62951,201.77464,256.85487,0.00000,230,3,0,0,0,0.00000,0.00000,0.00000,,0,0,0,0
2018-04-04,458.62951,201.77464,256.85487,0.00000,230,0,0,0,0,0.00000,0.00000,0.00000,,0,0,0,0
2018-04-05,467.56748,201.77464,265.79284,0.00000,231,1,0,0,0,0.00000,0.00000,0.00000,,0,0,0,0
2018-04-06,467.56748,201.77464,265.79284,0.00000,231,0,0,0,0,0.00000,0.00000,0.00000,,0,0,0,0
2018-04-07,467.34403,201.99809,265.34594,0.00000,231,1,0,0,0,0.00000,0.00000,0.00000,,0,0,0,0
2018-04-08,467.56748,202.22154,265.34594,0.00000,232,1,0,0,0,0.00000,0.00000,0.00000,,0,0,0,0
2018-04-09,470.24887,204.90293,265.34594,0.00000,233,1,0,0,0,0.00000,0.00000,0.00000,,0,0,0,0
2018-04-10,467.38127,205.12638,262.25489,0.00000,231,1,0,0,0,0.00000,0.00000,0.00000,,0,0,0,0
2018-04-11,467.82817,205.57328,262.25489,0.00000,233,2,0,0,0,0.00000,0.00000,0.00000,,0,0,0,0
2018-04-12,467.60472,205.34983,262.25489,0.00000,232,0,0,1,0,0.00000,200.00000,0.00000,,0,0,0,0
2018-04-13,472.07370,209.81881,262.25489,0.00000,233,1,0,0,0,0.00000,0.00000,0.00000,,0,0,0,0
2018-04-14,471.62681,209.37191,262.25489,0.00000,232,0,0,1,0,0.00000,200.00000,0.00000,,0,0,0,0
2018-04-15,466.74816,206.46707,260.28109,0.00000,229,0,0,2,0,0.00000,400.00000,0.00000,,0,0,0,0
2018-04-16,469.65300,209.37191,260.28109,0.00000,231,2,0,0,0,0.00000,0.00000,0.00000,,0,0,0,0
2018-04-17,469.87645,208.92501,260.95144,0.00000,231,1,0,1,0,0.00000,200.00000,0.00000,,0,0,0,0
2018-04-18,469.87645,208.92501,260.95144,0.00000,231,0,0,0,0,0.00000,0.00000,0.00000,,0,0,0,0
2018-04-19,468.05162,204.45603,263.59559,0.00000,232,2,0,1,0,0.00000,200.00000,0.00000,,0,0,0,0
2018-04-20,478.33028,214.73469,263.59559,0.00000,234,3,0,1,0,0.00000,200.00000,0.00000,,0,0,0,0
2018-04-21,480.34132,217.41609,262.92524,0.00000,234,1,0,0,0,0.00000,0.00000,0.00000,,0,0,0,0
2018-04-22,480.56477,217.63953,262.92524,0.00000,235,1,0,0,0,0.00000,0.00000,0.00000,,0,0,0,0
2018-04-23,480.78822,217.86298,262.92524,0.00000,236,1,0,0,0,0.00000,0.00000,0.00000,,0,0,0,0
2018-04-24,480.78822,217.86298,262.92524,0.00000,236,0,0,0,0,0.00000,0.00000,0.00000,,0,0,0,0
2018-04-25,483.46961,220.54437,262.92524,0.00000,237,1,0,0,0,0.00000,0.00000,0.00000,,0,0,0,0
2018-04-26,488.83239,225.90716,262.92524,0.00000,239,2,0,0,0,0.00000,0.00000,0.00000,,0,0,0,0
2018-04-27,486.85859,225.90716,260.95144,0.00000,238,0,0,0,0,0.00000,0.00000,0.00000,,0,0,0,0
2018-04-28,475.23923,223.22576,252.01347,0.00000,236,0,0,1,0,0.00000,200.00000,0.00000,,0,0,0,0
2018-04-29,474.56889,223.22576,251.34312,0.00000,235,0,0,0,0,0.00000,0.00000,0.00000,,0,0,0,0
2018-04-30,474.79234,223.44921,251.34312,0.00000,236,1,0,0,0,0.00000,0.00000,0.00000,,0,0,0,0
2018-05-01,480.15512,228.81200,251.34312,0.00000,238,2,0,0,0,0.00000,0.00000,0.00000,,0,0,0,0
2018-05-02,485.96480,234.62167,251.34312,0.00000,241,3,0,0,0,0.00000,0.00000,0.00000,,0,0,0,0
2018-05-03,485.51790,234.62167,250.89622,0.00000,240,0,0,0,0,0.00000,0.00000,0.00000,,0,0,0,0
2018-05-04,483.95375,233.05753,250.89622,0.00000,239,0,0,1,0,0.00000,200.00000,0.00000,,0,0,0,0
2018-05-05,487.08204,236.18582,250.89622,0.00000,241,2,0,0,0,0.00000,0.00000,0.00000,,0,0,0,0
2018-05-06,489.76343,238.86721,250.89622,0.00000,242,1,0,0,0,0.00000,0.00000,0.00000,,0,0,0,0
2018-05-07,491.99793,241.54860,250.44933,0.00000,242,1,0,0,0,0.00000,0.00000,0.00000,,0,0,0,0
2018-05-08,491.99793,241.54860,250.44933,0.00000,242,0,0,0,0,0.00000,0.00000,0.00000,,0,0,0,0
2018-05-09,491.99793,241.54860,250.44933,0.00000,242,0,0,0,0,0.00000,0.00000,0.00000,,0,0,0,0
2018-05-10,504.06418,253.61486,250.44933,0.00000,244,2,0,0,0,0.00000,0.00000,0.00000,,0,0,0,0
2018-05-11,510.32076,259.87144,250.44933,0.00000,245,2,0,1,0,0.00000,200.00000,0.00000,,0,0,0,0
2018-05-12,513.00215,262.55283,250.44933,0.00000,246,1,0,0,0,0.00000,0.00000,0.00000,,0,0,0,0
2018-05-13,513.00215,262.55283,250.44933,0.00000,246,0,0,0,0,0.00000,0.00000,0.00000,,0,0,0,0
2018-05-14,512.55525,262.77628,249.77898,0.00000,246,1,0,0,0,0.00000,0.00000,0.00000,,0,0,0,0
2018-05-15,512.55525,262.77628,249.77898,0.00000,246,0,0,0,0,0.00000,0.00000,0.00000,,0,0,0,0
2018-05-16,512.55525,262.77628,249.77898,0.00000,246,0,0,0,0,0.00000,0.00000,0.00000,,0,0,0,0
2018-05-17,513.22560,262.77628,250.44933,0.00000,247,1,0,0,0,0.00000,0.00000,0.00000,,0,0,0,0
2018-05-18,506.93178,262.77628,244.15551,0.00000,247,1,0,0,0,0.00000,0.00000,0.00000,,0,0,0,0
2018-05-19,510.06007,265.90456,244.15551,0.00000,250,3,0,0,0,0.00000,0.00000,0.00000,,0,0,0,0
2018-05-20,510.50697,265.90456,244.60240,0.00000,251,1,0,0,0,0.00000,0.00000,0.00000,,0,0,0,0
2018-05-21,508.53317,265.90456,242.62860,0.00000,250,0,0,0,0,0.00000,0.00000,0.00000,,0,0,0,0
2018-05-22,513.89595,271.26735,242.62860,0.00000,252,2,0,0,0,0.00000,0.00000,0.00000,,0,0,0,0
2018-05-23,516.80079,274.17219,242.62860,0.00000,254,2,0,0,0,0.00000,0.00000,0.00000,,0,0,0,0
2018-05-24,516.80079,274.17219,242.62860,0.00000,254,0,0,0,0,0.00000,0.00000,0.00000,,0,0,0,0
2018-05-25,523.24357,278.64117,244.60240,0.00000,256,2,0,0,0,0.00000,0.00000,0.00000,,0,0,0,0
2018-05-26,531.51119,286.90879,244.60240,0.00000,257,1,0,0,0,0.00000,0.00000,0.00000,,0,0,0,0
2018-05-27,531.51119,286.90879,244.60240,0.00000,257,0,0,0,0,0.00000,0.00000,0.00000,,0,0,0,0
2018-05-28,533.26155,286.68534,246.57621,0.00000,257,1,0,1,0,0.00000,200.00000,0.00000,,0,0,0,0
2018-05-29,554.89888,297.63435,257.26453,0.00000,262,5,0,0,0,0.00000,0.00000,0.00000,,0,0,0,0
2018-05-30,557.35682,300.09229,257.26453,0.00000,262,1,0,1,0,0.00000,200.00000,0.00000,,0,0,0,0
2018-05-31,557.13337,300.09229,257.04108,0.00000,261,0,0,0,0,0.00000,0.00000,0.00000,,0,0,0,0
2018-06-01,557.35682,300.31574,257.04108,0.00000,262,1,0,0,0,0.00000,0.00000,0.00000,,0,0,0,0
2018-06-02,558.92096,301.87989,257.04108,0.00000,263,1,0,0,0,0.00000,0.00000,0.00000,,0,0,0,0
2018-06-03,558.92096,301.87989,257.04108,0.00000,263,0,0,0,0,0.00000,0.00000,0.00000,,0,0,0,0
2018-06-04,558.69752,301.65644,257.04108,0.00000,262,0,0,1,0,0.00000,200.00000,0.00000,,0,0,0,0
2018-06-05,563.16650,306.12542,257.04108,0.00000,263,1,0,0,0,0.00000,0.00000,0.00000,,0,0,0,0
2018-06-06,563.61340,306.12542,257.48798,0.00000,264,1,0,0,0,0.00000,0.00000,0.00000,,0,0,0,0
2018-06-07,565.84789,308.35992,257.48798,0.00000,264,1,0,1,0,0.00000,200.00000,0.00000,,0,0,0,0
2018-06-08,571.21067,313.72270,257.48798,0.00000,266,2,0,0,0,0.00000,0.00000,0.00000,,0,0,0,0
2018-06-09,569.23687,313.72270,255.51417,0.00000,265,0,0,0,0,0.00000,0.00000,0.00000,,0,0,0,0
2018-06-10,561.19270,313.94615,247.24655,0.00000,265,1,0,0,0,0.00000,0.00000,0.00000,,0,0,0,0
2018-06-11,552.25473,313.94615,238.30858,0.00000,264,0,0,0,0,0.00000,0.00000,0.00000,,0,0,0,0
2018-06-12,552.25473,313.94615,238.30858,0.00000,264,0,0,0,0,0.00000,0.00000,0.00000,,0,0,0,0
2018-06-13,552.25473,313.94615,238.30858,0.00000,264,0,0,0,0,0.00000,0.00000,0.00000,,0,0,0,0
2018-06-14,552.25473,313.94615,238.30858,0.00000,264,0,0,0,0,0.00000,0.00000,0.00000,,0,0,0,0
2018-06-15,554.71267,316.40409,238.30858,0.00000,264,1,0,1,0,0.00000,200.00000,0.00000,,0,0,0,0
2018-06-16,554.48922,316.40409,238.08514,0.00000,263,0,0,0,0,0.00000,0.00000,0.00000,,0,0,0,0
2018-06-17,554.48922,316.40409,238.08514,0.00000,263,0,0,0,0,0.00000,0.00000,0.00000,,0,0,0,0
2018-06-18,565.66168,327.57655,238.08514,0.00000,265,3,0,1,0,0.00000,200.00000,0.00000,,0,0,0,0
2018-06-19,570.57757,332.49243,238.08514,0.00000,266,2,0,1,0,0.00000,200.00000,0.00000,,0,0,0,0
2018-06-20,571.02446,332.49243,238.53203,0.00000,267,1,0,0,0,0.00000,0.00000,0.00000,,0,0,0,0
2018-06-21,571.02446,332.49243,238.53203,0.00000,267,0,0,0,0,0.00000,0.00000,0.00000,,0,0,0,0
2018-06-22,570.57757,332.71588,237.86169,0.00000,267,1,0,0,0,0.00000,0.00000,0.00000,,0,0,0,0
2018-06-23,570.57757,332.71588,237.86169,0.00000,267,0,0,0,0,0.00000,0.00000,0.00000,,0,0,0,0
2018-06-24,572.81206,334.95037,237.86169,0.00000,267,1,0,1,0,0.00000,200.00000,0.00000,,0,0,0,0
2018-06-25,572.81206,334.95037,237.86169,0.00000,267,0,0,0,0,0.00000,0.00000,0.00000,,0,0,0,0
2018-06-26,570.83826,334.95037,235.88788,0.00000,266,1,0,1,0,0.00000,200.00000,0.00000,,0,0,0,0
2018-06-27,570.83826,334.95037,235.88788,0.00000,266,0,0,0,0,0.00000,0.00000,0.00000,,0,0,0,0
2018-06-28,570.83826,334.95037,235.88788,0.00000,266,0,0,0,0,0.00000,0.00000,0.00000,,0,0,0,0
2018-06-29,563.27822,337.63176,225.64646,0.00000,265,1,0,0,0,0.00000,0.00000,0.00000,,0,0,0,0
2018-06-30,568.86445,343.66489,225.19956,0.00000,265,1,0,0,0,0.00000,0.00000,0.00000,,0,0,0,0
2018-07-01,573.33344,348.13388,225.19956,0.00000,266,1,0,0,0,0.00000,0.00000,0.00000,,0,0,0,0
2018-07-02,572.66309,348.13388,224.52922,0.00000,265,0,0,0,0,0.00000,0.00000,0.00000,,0,0,0,0
2018-07-03,572.21619,347.68698,224.52922,0.00000,264,0,0,1,0,0.00000,200.00000,0.00000,,0,0,0,0
2018-07-04,583.16520,350.36837,232.79684,0.00000,266,2,0,0,0,0.00000,0.00000,0.00000,,0,0,0,0
2018-07-05,586.07004,353.27321,232.79684,0.00000,268,2,0,0,0,0.00000,0.00000,0.00000,,0,0,0,0
2018-07-06,592.10317,359.30634,232.79684,0.00000,269,1,0,0,0,0.00000,0.00000,0.00000,,0,0,0,0
2018-07-07,592.10317,359.30634,232.79684,0.00000,269,1,0,1,0,0.00000,200.00000,0.00000,,0,0,0,0
2018-07-08,599.03010,366.23326,232.79684,0.00000,270,2,0,1,0,0.00000,200.00000,0.00000,,0,0,0,0
2018-07-09,601.48804,368.69120,232.79684,0.00000,270,1,0,1,0,0.00000,200.00000,0.00000,,0,0,0,0
2018-07-10,601.71149,368.91465,232.79684,0.00000,271,1,0,0,0,0.00000,0.00000,0.00000,,0,0,0,0
2018-07-11,601.71149,368.91465,232.79684,0.00000,271,0,0,0,0,0.00000,0.00000,0.00000,,0,0,0,0
2018-07-12,601.71149,368.91465,232.79684,0.00000,271,0,0,0,0,0.00000,0.00000,0.00000,,0,0,0,0
2018-07-13,604.39288,371.37259,233.02029,0.00000,272,2,0,1,0,0.00000,200.00000,0.00000,,0,0,0,0
2018-07-14,606.36668,371.37259,234.99409,0.00000,273,1,0,0,0,0.00000,0.00000,0.00000,,0,0,0,0
2018-07-15,606.36668,371.37259,234.99409,0.00000,273,0,0,0,0,0.00000,0.00000,0.00000,,0,0,0,0
2018-07-16,606.36668,371.37259,234.99409,0.00000,273,0,0,0,0,0.00000,0.00000,0.00000,,0,0,0,0
2018-07-17,606.14323,371.14914,234.99409,0.00000,272,0,0,1,0,0.00000,200.00000,0.00000,,0,0,0,0
2018-07-18,605.47288,371.14914,234.32374,0.00000,271,0,0,0,0,0.00000,0.00000,0.00000,,0,0,0,0
2018-07-19,605.47288,371.14914,234.32374,0.00000,271,0,0,0,0,0.00000,0.00000,0.00000,,0,0,0,0
2018-07-20,596.53492,371.14914,225.38577,0.00000,270,0,0,0,0,0.00000,0.00000,0.00000,,0,0,0,0
2018-07-21,596.31147,370.92569,225.38577,0.00000,269,0,0,1,0,0.00000,200.00000,0.00000,,0,0,0,0
2018-07-22,599.47700,376.06503,223.41197,0.00000,269,2,0,1,0,0.00000,200.00000,0.00000,,0,0,0,0
2018-07-23,602.15839,378.74642,223.41197,0.00000,270,1,0,0,0,0.00000,0.00000,0.00000,,0,0,0,0
2018-07-24,616.68259,385.00300,231.67959,0.00000,273,3,0,0,0,0.00000,0.00000,0.00000,,0,0,0,0
2018-07-25,614.70879,385.00300,229.70579,0.00000,272,0,0,0,0,0.00000,0.00000,0.00000,,0,0,0,0
2018-07-26,622.97641,393.27062,229.70579,0.00000,273,1,0,0,0,0.00000,0.00000,0.00000,,0,0,0,0
2018-07-27,622.97641,393.27062,229.70579,0.00000,273,0,0,0,0,0.00000,0.00000,0.00000,,0,0,0,0
2018-07-28,622.97641,393.27062,229.70579,0.00000,273,0,0,0,0,0.00000,0.00000,0.00000,,0,0,0,0
2018-07-29,630.57368,401.53824,229.03544,0.00000,273,1,0,0,0,0.00000,0.00000,0.00000,,0,0,0,0
2018-07-30,630.57368,401.53824,229.03544,0.00000,273,0,0,0,0,0.00000,0.00000,0.00000,,0,0,0,0
2018-07-31,628.59988,401.53824,227.06164,0.00000,272,0,0,0,0,0.00000,0.00000,0.00000,,0,0,0,0
2018-08-01,630.57368,401.53824,229.03544,0.00000,273,1,0,0,0,0.00000,0.00000,0.00000,,0,0,0,0
2018-08-02,635.11715,401.76169,233.35546,0.00000,273,2,0,0,0,0.00000,0.00000,0.00000,,0,0,0,0
2018-08-03,634.67025,401.76169,232.90856,0.00000,272,0,0,0,0,0.00000,0.00000,0.00000,,0,0,0,0
2018-08-04,636.64405,401.76169,234.88236,0.00000,273,1,0,0,0,0.00000,0.00000,0.00000,,0,0,0,0
2018-08-05,634.40956,399.08030,235.32926,0.00000,273,1,0,1,0,0.00000,200.00000,0.00000,,0,0,0,0
2018-08-06,637.09095,401.76169,235.32926,0.00000,274,1,0,0,0,0.00000,0.00000,0.00000,,0,0,0,0
2018-08-07,642.90063,407.57137,235.32926,0.00000,277,3,0,0,0,0.00000,0.00000,0.00000,,0,0,0,0
2018-08-08,652.69515,415.39209,237.30306,0.00000,280,5,0,1,0,0.00000,200.00000,0.00000,,0,0,0,0
2018-08-09,660.51587,423.21281,237.30306,0.00000,284,4,0,0,0,0.00000,0.00000,0.00000,,0,0,0,0
2018-08-10,664.53796,418.29693,246.24103,0.00000,280,1,0,5,0,0.00000,1000.00000,0.00000,,0,0,0,0
2018-08-11,664.53796,418.29693,246.24103,0.00000,280,0,0,0,0,0.00000,0.00000,0.00000,,0,0,0,0
2018-08-12,664.98486,418.74383,246.24103,0.00000,281,1,0,0,0,0.00000,0.00000,0.00000,,0,0,0,0
2018-08-13,658.69104,418.74383,239.94721,0.00000,281,2,0,1,0,0.00000,200.00000,0.00000,,0,0,0,0
2018-08-14,662.93657,422.98936,239.94721,0.00000,283,2,0,0,0,0.00000,0.00000,0.00000,,0,0,0,0
2018-08-15,662.93657,422.98936,239.94721,0.00000,283,0,0,0,0,0.00000,0.00000,0.00000,,0,0,0,0
2018-08-16,653.99860,422.98936,231.00924,0.00000,282,0,0,0,0,0.00000,0.00000,0.00000,,0,0,0,0
2018-08-17,653.99860,422.98936,231.00924,0.00000,282,0,0,0,0,0.00000,0.00000,0.00000,,0,0,0,0
2018-08-18,654.22205,423.21281,231.00924,0.00000,283,1,0,0,0,0.00000,0.00000,0.00000,,0,0,0,0
2018-08-19,654.22205,423.21281,231.00924,0.00000,283,0,0,0,0,0.00000,0.00000,0.00000,,0,0,0,0
2018-08-20,654.22205,423.21281,231.00924,0.00000,283,0,0,0,0,0.00000,0.00000,0.00000,,0,0,0,0
2018-08-21,654.22205,423.21281,231.00924,0.00000,283,0,0,0,0,0.00000,0.00000,0.00000,,0,0,0,0
2018-08-22,654.22205,423.21281,231.00924,0.00000,283,0,0,0,0,0.00000,0.00000,0.00000,,0,0,0,0
2018-08-23,658.65380,425.67075,232.98304,0.00000,284,2,0,1,0,0.00000,200.00000,0.00000,,0,0,0,0
2018-08-24,669.60281,436.61976,232.98304,0.00000,286,2,0,0,0,0.00000,0.00000,0.00000,,0,0,0,0
2018-08-25,671.83730,438.85426,232.98304,0.00000,286,1,0,1,0,0.00000,200.00000,0.00000,,0,0,0,0
2018-08-26,671.61385,439.07770,232.53615,0.00000,286,1,0,0,0,0.00000,0.00000,0.00000,,0,0,0,0
2018-08-27,671.61385,439.07770,232.53615,0.00000,286,0,0,0,0,0.00000,0.00000,0.00000,,0,0,0,0
2018-08-28,671.61385,439.07770,232.53615,0.00000,286,1,0,1,0,0.00000,200.00000,0.00000,,0,0,0,0
2018-08-29,674.29524,441.75910,232.53615,0.00000,287,1,0,0,0,0.00000,0.00000,0.00000,,0,0,0,0
2018-08-30,670.68281,444.44049,226.24233,0.00000,288,2,0,0,0,0.00000,0.00000,0.00000,,0,0,0,0
2018-08-31,670.01247,444.44049,225.57198,0.00000,287,0,0,0,0,0.00000,0.00000,0.00000,,0,0,0,0
2018-09-01,658.39311,441.75910,216.63401,0.00000,285,0,0,1,0,0.00000,200.00000,0.00000,,0,0,0,0
2018-09-02,658.39311,441.75910,216.63401,0.00000,285,0,0,0,0,0.00000,0.00000,0.00000,,0,0,0,0
2018-09-03,658.39311,441.75910,216.63401,0.00000,285,0,0,0,0,0.00000,0.00000,0.00000,,0,0,0,0
2018-09-04,658.39311,441.75910,216.63401,0.00000,285,0,0,0,0,0.00000,0.00000,0.00000,,0,0,0,0
2018-09-05,657.27586,440.64185,216.63401,0.00000,285,1,0,1,0,0.00000,200.00000,0.00000,,0,0,0,0
2018-09-06,657.27586,440.64185,216.63401,0.00000,285,0,0,0,0,0.00000,0.00000,0.00000,,0,0,0,0
2018-09-07,657.27586,440.64185,216.63401,0.00000,285,0,0,0,0,0.00000,0.00000,0.00000,,0,0,0,0
2018-09-08,655.71172,439.07770,216.63401,0.00000,284,0,0,1,0,0.00000,200.00000,0.00000,,0,0,0,0
2018-09-09,638.50613,438.40736,200.09877,0.00000,280,0,0,2,0,0.00000,400.00000,0.00000,,0,0,0,0
2018-09-10,641.18752,441.08875,200.09877,0.00000,281,1,0,0,0,0.00000,0.00000,0.00000,,0,0,0,0
2018-09-11,645.47029,447.34533,198.12497,0.00000,282,2,0,0,0,0.00000,0.00000,0.00000,,0,0,0,0
2018-09-12,645.47029,447.34533,198.12497,0.00000,282,0,0,0,0,0.00000,0.00000,0.00000,,0,0,0,0
2018-09-13,654.63171,447.56878,207.06294,0.00000,284,2,0,0,0,0.00000,0.00000,0.00000,,0,0,0,0
2018-09-14,654.63171,447.56878,207.06294,0.00000,284,0,0,0,0,0.00000,0.00000,0.00000,,0,0,0,0
2018-09-15,669.86350,464.55092,205.31258,0.00000,287,4,0,0,0,0.00000,0.00000,0.00000,,0,0,0,0
2018-09-16,670.31040,464.99781,205.31258,0.00000,288,1,0,0,0,0.00000,0.00000,0.00000,,0,0,0,0
2018-09-17,662.48968,464.99781,197.49186,0.00000,288,1,0,0,0,0.00000,0.00000,0.00000,,0,0,0,0
2018-09-18,660.51587,464.99781,195.51806,0.00000,287,0,0,0,0,0.00000,0.00000,0.00000,,0,0,0,0
2018-09-19,674.81662,479.29856,195.51806,0.00000,289,2,0,0,0,0.00000,0.00000,0.00000,,0,0,0,0
2018-09-20,674.81662,479.29856,195.51806,0.00000,289,0,0,0,0,0.00000,0.00000,0.00000,,0,0,0,0
2018-09-21,674.59317,479.07511,195.51806,0.00000,288,1,0,1,0,0.00000,200.00000,0.00000,,0,0,0,0
2018-09-22,674.14628,478.62822,195.51806,0.00000,287,0,0,1,0,0.00000,200.00000,0.00000,,0,0,0,0
2018-09-23,674.14628,478.62822,195.51806,0.00000,287,0,0,0,0,0.00000,0.00000,0.00000,,0,0,0,0
2018-09-24,676.82767,481.30961,195.51806,0.00000,288,1,0,0,0,0.00000,0.00000,0.00000,,0,0,0,0
2018-09-25,677.05112,481.53306,195.51806,0.00000,289,1,0,0,0,0.00000,0.00000,0.00000,,0,0,0,0
2018-09-26,676.82767,481.30961,195.51806,0.00000,289,1,0,1,0,0.00000,200.00000,0.00000,,0,0,0,0
2018-09-27,677.49801,481.53306,195.96496,0.00000,291,2,0,0,0,0.00000,0.00000,0.00000,,0,0,0,0
2018-09-28,683.53114,487.11929,196.41186,0.00000,295,4,0,0,0,0.00000,0.00000,0.00000,,0,0,0,0
2018-09-29,683.08424,487.11929,195.96496,0.00000,294,0,0,0,0,0.00000,0.00000,0.00000,,0,0,0,0
2018-09-30,696.45396,498.51520,197.93876,0.00000,299,5,0,0,0,0.00000,0.00000,0.00000,,0,0,0,0
2018-10-01,696.45396,498.51520,197.93876,0.00000,299,0,0,0,0,0.00000,0.00000,0.00000,,0,0,0,0
2018-10-02,696.45396,498.51520,197.93876,0.00000,299,0,0,0,0,0.00000,0.00000,0.00000,,0,0,0,0
2018-10-03,704.94503,498.06830,206.87673,0.00000,299,1,0,1,0,0.00000,200.00000,0.00000,,0,0,0,0
2018-10-04,714.10644,498.29175,215.81470,0.00000,301,2,0,0,0,0.00000,0.00000,0.00000,,0,0,0,0
2018-10-05,721.29406,498.51520,222.77886,0.00000,302,2,0,0,0,0.00000,0.00000,0.00000,,0,0,0,0
2018-10-06,724.42235,501.19659,223.22576,0.00000,304,2,0,0,0,0.00000,0.00000,0.00000,,0,0,0,0
2018-10-07,724.42235,501.19659,223.22576,0.00000,304,0,0,0,0,0.00000,0.00000,0.00000,,0,0,0,0
2018-10-08,729.07754,503.87798,225.19956,0.00000,306,2,0,0,0,0.00000,0.00000,0.00000,,0,0,0,0
2018-10-09,729.30099,503.65453,225.64646,0.00000,306,1,0,1,0,0.00000,200.00000,0.00000,,0,0,0,0
2018-10-10,732.65273,506.33592,226.31681,0.00000,308,2,0,0,0,0.00000,0.00000,0.00000,,0,0,0,0
2018-10-11,740.47345,514.60354,225.86991,0.00000,308,1,0,0,0,0.00000,0.00000,0.00000,,0,0,0,0
2018-10-12,748.51762,522.64771,225.86991,0.00000,308,1,0,1,0,0.00000,200.00000,0.00000,,0,0,0,0
2018-10-13,756.56179,530.24498,226.31681,0.00000,311,3,0,0,0,0.00000,0.00000,0.00000,,0,0,0,0
2018-10-14,770.63909,534.71397,235.92513,0.00000,314,3,0,0,0,0.00000,0.00000,0.00000,,0,0,0,0
2018-10-15,776.44877,540.52365,235.92513,0.00000,314,1,0,1,0,0.00000,200.00000,0.00000,,0,0,0,0
2018-10-16,768.18115,540.52365,227.65751,0.00000,313,0,0,0,0,0.00000,0.00000,0.00000,,0,0,0,0
2018-10-17,771.08599,543.42849,227.65751,0.00000,315,2,0,0,0,0.00000,0.00000,0.00000,,0,0,0,0
2018-10-18,770.41565,543.42849,226.98716,0.00000,314,0,0,0,0,0.00000,0.00000,0.00000,,0,0,0,0
2018-10-19,773.09704,546.10988,226.98716,0.00000,315,1,0,0,0,0.00000,0.00000,0.00000,,0,0,0,0
2018-10-20,784.71639,548.79127,235.92513,0.00000,317,2,0,0,0,0.00000,0.00000,0.00000,,0,0,0,0
2018-10-21,786.46675,548.56782,237.89893,0.00000,317,1,0,1,0,0.00000,200.00000,0.00000,,0,0,0,0
2018-10-22,792.27643,554.60095,237.67548,0.00000,318,2,0,0,0,0.00000,0.00000,0.00000,,0,0,0,0
2018-10-23,791.82953,554.15405,237.67548,0.00000,316,0,0,2,0,0.00000,400.00000,0.00000,,0,0,0,0
2018-10-24,800.09715,562.42167,237.67548,0.00000,317,1,0,0,0,0.00000,0.00000,0.00000,,0,0,0,0
2018-10-25,802.55509,565.10306,237.45203,0.00000,317,1,0,0,0,0.00000,0.00000,0.00000,,0,0,0,0
2018-10-26,802.55509,565.10306,237.45203,0.00000,317,0,0,0,0,0.00000,0.00000,0.00000,,0,0,0,0
2018-10-27,811.04616,574.04103,237.00513,0.00000,318,3,0,1,0,0.00000,200.00000,0.00000,,0,0,0,0
2018-10-28,811.49306,574.04103,237.45203,0.00000,319,1,0,0,0,0.00000,0.00000,0.00000,,0,0,0,0
2018-10-29,811.49306,574.04103,237.45203,0.00000,319,0,0,0,0,0.00000,0.00000,0.00000,,0,0,0,0
2018-10-30,811.49306,574.04103,237.45203,0.00000,319,0,0,0,0,0.00000,0.00000,0.00000,,0,0,0,0
2018-10-31,821.32482,575.60517,245.71965,0.00000,321,2,0,0,0,0.00000,0.00000,0.00000,,0,0,0,0
2018-11-01,821.32482,575.60517,245.71965,0.00000,321,0,0,0,0,0.00000,0.00000,0.00000,,0,0,0,0
2018-11-02,821.32482,575.60517,245.71965,0.00000,321,0,0,0,0,0.00000,0.00000,0.00000,,0,0,0,0
2018-11-03,821.32482,575.60517,245.71965,0.00000,321,0,0,0,0,0.00000,0.00000,0.00000,,0,0,0,0
2018-11-04,824.22966,578.51001,245.71965,0.00000,322,2,0,1,0,0.00000,200.00000,0.00000,,0,0,0,0
2018-11-05,832.49728,578.51001,253.98727,0.00000,323,1,0,0,0,0.00000,0.00000,0.00000,,0,0,0,0
2018-11-06,835.17868,581.19140,253.98727,0.00000,324,1,0,0,0,0.00000,0.00000,0.00000,,0,0,0,0
2018-11-07,836.74282,582.75555,253.98727,0.00000,325,1,0,0,0,0.00000,0.00000,0.00000,,0,0,0,0
2018-11-08,836.74282,582.75555,253.98727,0.00000,325,0,0,0,0,0.00000,0.00000,0.00000,,0,0,0,0
2018-11-09,847.43114,582.53210,264.89904,0.00000,326,2,0,1,0,0.00000,200.00000,0.00000,,0,0,0,0
2018-11-10,849.92632,587.00108,262.92524,0.00000,326,1,0,0,0,0.00000,0.00000,0.00000,,0,0,0,0
2018-11-11,850.37322,587.44798,262.92524,0.00000,327,1,0,0,0,0.00000,0.00000,0.00000,,0,0,0,0
2018-11-12,849.88908,584.76659,265.12249,0.00000,328,2,0,1,0,0.00000,200.00000,0.00000,,0,0,0,0
2018-11-13,847.87804,583.20245,264.67559,0.00000,326,0,0,1,0,0.00000,200.00000,0.00000,,0,0,0,0
2018-11-14,847.43114,582.75555,264.67559,0.00000,325,0,0,1,0,0.00000,200.00000,0.00000,,0,0,0,0
2018-11-15,845.45734,582.75555,262.70179,0.00000,324,0,0,0,0,0.00000,0.00000,0.00000,,0,0,0,0
2018-11-16,845.45734,582.75555,262.70179,0.00000,324,0,0,0,0,0.00000,0.00000,0.00000,,0,0,0,0
2018-11-17,847.87804,583.20245,264.67559,0.00000,327,3,0,0,0,0.00000,0.00000,0.00000,,0,0,0,0
2018-11-18,847.87804,583.20245,264.67559,0.00000,327,0,0,0,0,0.00000,0.00000,0.00000,,0,0,0,0
2018-11-19,847.87804,583.20245,264.67559,0.00000,327,0,0,0,0,0.00000,0.00000,0.00000,,0,0,0,0
2018-11-20,843.22285,580.52106,262.70179,0.00000,325,0,0,1,0,0.00000,200.00000,0.00000,,0,0,0,0
2018-11-21,849.25598,586.55419,262.70179,0.00000,326,1,0,0,0,0.00000,0.00000,0.00000,,0,0,0,0
2018-11-22,849.25598,586.55419,262.70179,0.00000,326,0,0,0,0,0.00000,0.00000,0.00000,,0,0,0,0
2018-11-23,857.30015,594.59836,262.70179,0.00000,327,2,0,1,0,0.00000,200.00000,0.00000,,0,0,0,0
2018-11-24,857.07670,594.37491,262.70179,0.00000,326,0,0,1,0,0.00000,200.00000,0.00000,,0,0,0,0
2018-11-25,856.85325,594.15146,262.70179,0.00000,325,0,0,1,0,0.00000,200.00000,0.00000,,0,0,0,0
2018-11-26,856.85325,594.15146,262.70179,0.00000,325,0,0,0,0,0.00000,0.00000,0.00000,,0,0,0,0
2018-11-27,861.99258,598.62044,263.37214,0.00000,327,2,0,0,0,0.00000,0.00000,0.00000,,0,0,0,0
2018-11-28,859.08774,595.71560,263.37214,0.00000,325,0,0,2,0,0.00000,400.00000,0.00000,,0,0,0,0
2018-11-29,861.09878,597.05630,264.04249,0.00000,326,2,0,1,0,0.00000,200.00000,0.00000,,0,0,0,0
2018-11-30,863.07259,597.05630,266.01629,0.00000,327,1,0,0,0,0.00000,0.00000,0.00000,,0,0,0,0
2018-12-01,871.34021,605.32392,266.01629,0.00000,328,1,0,0,0,0.00000,0.00000,0.00000,,0,0,0,0
2018-12-02,869.58985,605.54737,264.04249,0.00000,328,1,0,0,0,0.00000,0.00000,0.00000,,0,0,0,0
2018-12-03,874.28229,610.23980,264.04249,0.00000,330,2,0,0,0,0.00000,0.00000,0.00000,,0,0,0,0
2018-12-04,874.28229,610.23980,264.04249,0.00000,330,0,0,0,0,0.00000,0.00000,0.00000,,0,0,0,0
2018-12-05,874.72919,610.68670,264.04249,0.00000,331,1,0,0,0,0.00000,0.00000,0.00000,,0,0,0,0
2018-12-06,867.80226,612.25085,255.55142,0.00000,332,2,0,0,0,0.00000,0.00000,0.00000,,0,0,0,0
2018-12-07,867.80226,612.25085,255.55142,0.00000,332,0,0,0,0,0.00000,0.00000,0.00000,,0,0,0,0
2018-12-08,870.48365,614.93224,255.55142,0.00000,333,1,0,0,0,0.00000,0.00000,0.00000,,0,0,0,0
2018-12-09,870.26020,614.93224,255.32797,0.00000,332,0,0,0,0,0.00000,0.00000,0.00000,,0,0,0,0
2018-12-10,870.70710,614.93224,255.77486,0.00000,332,1,0,0,0,0.00000,0.00000,0.00000,,0,0,0,0
2018-12-11,873.61194,617.83708,255.77486,0.00000,334,2,0,0,0,0.00000,0.00000,0.00000,,0,0,0,0
2018-12-12,878.97472,623.19986,255.77486,0.00000,336,2,0,0,0,0.00000,0.00000,0.00000,,0,0,0,0
2018-12-13,882.51267,624.76400,257.74867,0.00000,338,3,0,1,0,0.00000,200.00000,0.00000,,0,0,0,0
2018-12-14,884.97061,627.66884,257.30177,0.00000,339,2,0,0,0,0.00000,0.00000,0.00000,,0,0,0,0
2018-12-15,876.03264,627.66884,248.36380,0.00000,338,0,0,0,0,0.00000,0.00000,0.00000,,0,0,0,0
2018-12-16,872.90435,624.54055,248.36380,0.00000,338,2,0,2,0,0.00000,400.00000,0.00000,,0,0,0,0
2018-12-17,868.21192,619.62467,248.58725,0.00000,337,1,0,2,0,0.00000,400.00000,0.00000,,0,0,0,0
2018-12-18,868.88227,619.62467,249.25760,0.00000,338,1,0,0,0,0.00000,0.00000,0.00000,,0,0,0,0
2018-12-19,868.88227,619.62467,249.25760,0.00000,338,0,0,0,0,0.00000,0.00000,0.00000,,0,0,0,0
2018-12-20,868.88227,619.62467,249.25760,0.00000,338,0,0,0,0,0.00000,0.00000,0.00000,,0,0,0,0
2018-12-21,870.22296,620.74192,249.48104,0.00000,338,2,0,1,0,0.00000,200.00000,0.00000,,0,0,0,0
2018-12-22,872.19676,620.74192,251.45485,0.00000,339,1,0,0,0,0.00000,0.00000,0.00000,,0,0,0,0
2018-12-23,870.22296,620.74192,249.48104,0.00000,338,0,0,0,0,0.00000,0.00000,0.00000,,0,0,0,0
2018-12-24,872.90435,623.42331,249.48104,0.00000,339,1,0,0,0,0.00000,0.00000,0.00000,,0,0,0,0
2018-12-25,874.46850,624.98745,249.48104,0.00000,340,1,0,0,0,0.00000,0.00000,0.00000,,0,0,0,0
2018-12-26,877.14989,627.66884,249.48104,0.00000,341,2,0,0,0,0.00000,0.00000,0.00000,,0,0,0,0
2018-12-27,881.39542,631.91438,249.48104,0.00000,343,3,0,0,0,0.00000,0.00000,0.00000,,0,0,0,0
2018-12-28,882.69887,631.69093,251.00795,0.00000,343,3,0,1,0,0.00000,200.00000,0.00000,,0,0,0,0
2018-12-29,885.38027,634.37232,251.00795,0.00000,344,1,0,0,0,0.00000,0.00000,0.00000,,0,0,0,0
2018-12-30,885.38027,634.37232,251.00795,0.00000,344,0,0,0,0,0.00000,0.00000,0.00000,,0,0,0,0
2018-12-31,885.38027,634.37232,251.00795,0.00000,344,0,0,0,0,0.00000,0.00000,0.00000,,0,0,0,0
2019-01-01,885.38027,634.37232,251.00795,2876.00000,344,0,0,0,42,0.00000,0.00000,2876.00000,,42,3,180,300
2019-01-02,883.40646,634.37232,249.03415,2876.00000,343,0,0,0,54,0.00000,0.00000,2876.00000,,54,3,180,360
2019-01-03,882.73612,634.37232,248.36380,2876.00000,342,0,0,0,35,0.00000,0.00000,2876.00000,,35,3,180,300
2019-01-04,881.20921,634.81922,246.39000,2876.00000,342,1,0,0,56,0.00000,0.00000,2876.00000,,56,3,180,360
2019-01-05,881.20921,634.81922,246.39000,0.00000,342,0,0,0,0,0.00000,0.00000,0.00000,,0,0,0,0
2019-01-06,887.91269,650.46066,237.45203,0.00000,344,4,0,1,0,0.00000,200.00000,0.00000,,0,0,0,0
2019-01-07,887.68924,650.23721,237.45203,0.00000,343,0,0,1,0,0.00000,200.00000,0.00000,,0,0,0,0
2019-01-08,889.92373,652.91860,237.00513,0.00000,343,1,0,0,0,0.00000,0.00000,0.00000,,0,0,0,0
2019-01-09,891.48788,654.48275,237.00513,0.00000,344,1,0,0,0,0.00000,0.00000,0.00000,,0,0,0,0
2019-01-10,894.16927,657.16414,237.00513,0.00000,345,1,0,0,0,0.00000,0.00000,0.00000,,0,0,0,0
2019-01-11,892.19547,657.16414,235.03133,0.00000,344,0,0,0,0,0.00000,0.00000,0.00000,,0,0,0,0
2019-01-12,886.16234,660.06898,226.09336,0.00000,345,2,0,0,0,0.00000,0.00000,0.00000,,0,0,0,0
2019-01-13,886.16234,660.06898,226.09336,0.00000,345,0,0,0,0,0.00000,0.00000,0.00000,,0,0,0,0
2019-01-14,885.93889,659.84553,226.09336,0.00000,344,0,0,1,0,0.00000,200.00000,0.00000,,0,0,0,0
2019-01-15,891.97202,665.87866,226.09336,0.00000,345,1,0,0,0,0.00000,0.00000,0.00000,,0,0,0,0
2019-01-16,764.79217,537.39536,227.39681,7400.00000,309,2,37,0,0,7400.00000,0.00000,0.00000,,0,0,0,0
2019-01-17,622.00813,394.61131,227.39681,8600.00000,266,0,43,0,0,8600.00000,0.00000,0.00000,,0,0,0,0
2019-01-18,523.69047,296.29366,227.39681,6000.00000,237,1,30,0,0,6000.00000,0.00000,0.00000,,0,0,0,0
2019-01-19,375.72985,146.35924,229.37062,8800.00000,196,3,44,0,0,8800.00000,0.00000,0.00000,,0,0,0,0
2019-01-20,368.76568,138.09161,230.67407,0.00000,195,1,0,1,0,0.00000,200.00000,0.00000,,0,0,0,0
2019-01-21,368.76568,138.09161,230.67407,0.00000,195,0,0,0,0,0.00000,0.00000,0.00000,,0,0,0,0
2019-01-22,368.76568,138.09161,230.67407,0.00000,195,1,0,1,0,0.00000,200.00000,0.00000,,0,0,0,0
2019-01-23,374.38916,145.68889,228.70027,0.00000,196,2,0,0,0,0.00000,0.00000,0.00000,,0,0,0,0
2019-01-24,374.83605,145.68889,229.14717,0.00000,197,1,0,0,0,0.00000,0.00000,0.00000,,0,0,0,0
2019-01-25,374.16571,145.68889,228.47682,0.00000,196,0,0,0,0,0.00000,0.00000,0.00000,,0,0,0,0
2019-01-26,376.84710,148.37028,228.47682,0.00000,197,1,0,0,0,0.00000,0.00000,0.00000,,0,0,0,0
2019-01-27,379.52849,151.05167,228.47682,0.00000,198,1,0,0,0,0.00000,0.00000,0.00000,,0,0,0,0
2019-01-28,371.26087,151.05167,220.20920,0.00000,197,0,0,0,0,0.00000,0.00000,0.00000,,0,0,0,0
2019-01-29,371.03742,150.82822,220.20920,0.00000,196,0,0,1,0,0.00000,200.00000,0.00000,,0,0,0,0
2019-01-30,370.81397,150.60477,220.20920,0.00000,195,0,0,1,0,0.00000,200.00000,0.00000,,0,0,0,0
2019-01-31,364.55739,152.61581,211.94158,0.00000,196,4,0,1,0,0.00000,200.00000,0.00000,,0,0,0,0
2019-02-01,364.55739,152.61581,211.94158,0.00000,196,0,0,0,0,0.00000,0.00000,0.00000,,0,0,0,0
2019-02-02,372.60156,160.65999,211.94158,0.00000,199,3,0,0,0,0.00000,0.00000,0.00000,,0,0,0,0
2019-02-03,370.62776,160.65999,209.96778,0.00000,198,0,0,0,0,0.00000,0.00000,0.00000,,0,0,0,0
2019-02-04,368.65396,161.10688,207.54708,0.00000,197,1,0,0,0,0.00000,0.00000,0.00000,,0,0,0,0
2019-02-05,368.65396,160.65999,207.99397,0.00000,197,2,0,2,0,0.00000,400.00000,0.00000,,0,0,0,0
2019-02-06,368.65396,160.65999,207.99397,0.00000,197,0,0,0,0,0.00000,0.00000,0.00000,,0,0,0,0
2019-02-07,360.38634,152.39236,207.99397,0.00000,196,0,0,1,0,0.00000,200.00000,0.00000,,0,0,0,0
2019-02-08,359.93944,152.39236,207.54708,0.00000,195,0,0,0,0,0.00000,0.00000,0.00000,,0,0,0,0
2019-02-09,359.93944,152.39236,207.54708,0.00000,195,0,0,0,0,0.00000,0.00000,0.00000,,0,0,0,0
2019-02-10,360.16289,152.39236,207.77053,0.00000,196,1,0,0,0,0.00000,0.00000,0.00000,,0,0,0,0
2019-02-11,360.16289,152.39236,207.77053,0.00000,196,0,0,0,0,0.00000,0.00000,0.00000,,0,0,0,0
2019-02-12,365.30222,157.75515,207.54708,0.00000,197,2,0,0,0,0.00000,0.00000,0.00000,,0,0,0,0
2019-02-13,365.97257,157.75515,208.21742,0.00000,198,1,0,0,0,0.00000,0.00000,0.00000,,0,0,0,0
2019-02-14,368.65396,160.43654,208.21742,0.00000,199,1,0,0,0,0.00000,0.00000,0.00000,,0,0,0,0
2019-02-15,368.43051,160.21309,208.21742,0.00000,198,0,0,1,0,0.00000,200.00000,0.00000,,0,0,0,0
2019-02-16,376.69813,168.48071,208.21742,0.00000,198,2,0,2,0,0.00000,400.00000,0.00000,,0,0,0,0
2019-02-17,376.47468,168.25726,208.21742,0.00000,197,0,0,1,0,0.00000,200.00000,0.00000,,0,0,0,0
2019-02-18,376.69813,168.25726,208.44087,0.00000,198,1,0,0,0,0.00000,0.00000,0.00000,,0,0,0,0
2019-02-19,376.69813,168.25726,208.44087,0.00000,198,0,0,0,0,0.00000,0.00000,0.00000,,0,0,0,0
2019-02-20,379.37952,170.93865,208.44087,0.00000,199,1,0,0,0,0.00000,0.00000,0.00000,,0,0,0,0
2019-02-21,379.37952,170.93865,208.44087,0.00000,199,0,0,0,0,0.00000,0.00000,0.00000,,0,0,0,0
2019-02-22,379.37952,170.93865,208.44087,0.00000,199,0,0,0,0,0.00000,0.00000,0.00000,,0,0,0,0
2019-02-23,381.39056,172.94969,208.44087,0.00000,198,1,0,2,0,0.00000,400.00000,0.00000,,0,0,0,0
2019-02-24,381.39056,172.94969,208.44087,0.00000,198,0,0,0,0,0.00000,0.00000,0.00000,,0,0,0,0
2019-02-25,394.31338,183.89870,210.41467,0.00000,201,3,0,0,0,0.00000,0.00000,0.00000,,0,0,0,0
2019-02-26,398.96857,186.58009,212.38848,0.00000,203,2,0,0,0,0.00000,0.00000,0.00000,,0,0,0,0
2019-02-27,399.19202,186.80354,212.38848,0.00000,204,2,0,1,0,0.00000,200.00000,0.00000,,0,0,0,0
2019-02-28,399.19202,186.80354,212.38848,0.00000,204,0,0,0,0,0.00000,0.00000,0.00000,,0,0,0,0
2019-03-01,399.19202,186.80354,212.38848,0.00000,204,0,0,0,0,0.00000,0.00000,0.00000,,0,0,0,0
2019-03-02,400.49547,186.13320,214.36228,0.00000,203,1,0,2,0,0.00000,400.00000,0.00000,,0,0,0,0
2019-03-03,403.17686,188.81459,214.36228,0.00000,204,1,0,0,0,0.00000,0.00000,0.00000,,0,0,0,0
2019-03-04,403.17686,188.81459,214.36228,0.00000,204,0,0,0,0,0.00000,0.00000,0.00000,,0,0,0,0
2019-03-05,403.17686,188.81459,214.36228,0.00000,204,0,0,0,0,0.00000,0.00000,0.00000,,0,0,0,0
2019-03-06,405.85825,191.49598,214.36228,0.00000,205,1,0,0,0,0.00000,0.00000,0.00000,,0,0,0,0
2019-03-07,408.09275,194.17737,213.91538,0.00000,205,1,0,0,0,0.00000,0.00000,0.00000,,0,0,0,0
2019-03-08,408.76309,194.84771,213.91538,0.00000,207,2,0,0,0,0.00000,0.00000,0.00000,,0,0,0,0
2019-03-09,406.52860,192.16632,214.36228,0.00000,207,1,0,1,0,0.00000,200.00000,0.00000,,0,0,0,0
2019-03-10,407.86930,193.50702,214.36228,0.00000,207,1,0,1,0,0.00000,200.00000,0.00000,,0,0,0,0
2019-03-11,409.84310,193.50702,216.33608,0.00000,208,1,0,0,0,0.00000,0.00000,0.00000,,0,0,0,0
2019-03-12,410.51345,193.50702,217.00643,0.00000,209,1,0,0,0,0.00000,0.00000,0.00000,,0,0,0,0
2019-03-13,412.97139,195.96496,217.00643,0.00000,209,1,0,1,0,0.00000,200.00000,0.00000,,0,0,0,0
2019-03-14,422.35625,197.30566,225.05060,0.00000,209,2,0,1,0,0.00000,200.00000,0.00000,,0,0,0,0
2019-03-15,422.35625,197.30566,225.05060,0.00000,209,0,0,0,0,0.00000,0.00000,0.00000,,0,0,0,0
2019-03-16,431.29422,197.30566,233.98857,0.00000,210,1,0,0,0,0.00000,0.00000,0.00000,,0,0,0,0
2019-03-17,431.07077,197.08221,233.98857,0.00000,209,0,0,1,0,0.00000,200.00000,0.00000,,0,0,0,0
2019-03-18,431.07077,197.08221,233.98857,0.00000,209,0,0,0,0,0.00000,0.00000,0.00000,,0,0,0,0
2019-03-19,433.75216,199.76360,233.98857,0.00000,210,1,0,0,0,0.00000,0.00000,0.00000,,0,0,0,0
2019-03-20,433.97561,199.98705,233.98857,0.00000,210,1,0,1,0,0.00000,200.00000,0.00000,,0,0,0,0
2019-03-21,433.97561,199.98705,233.98857,0.00000,210,0,0,0,0,0.00000,0.00000,0.00000,,0,0,0,0
2019-03-22,435.94941,199.98705,235.96237,0.00000,211,1,0,0,0,0.00000,0.00000,0.00000,,0,0,0,0
2019-03-23,438.85425,202.89189,235.96237,0.00000,213,2,0,0,0,0.00000,0.00000,0.00000,,0,0,0,0
2019-03-24,441.53564,205.57328,235.96237,0.00000,214,1,0,0,0,0.00000,0.00000,0.00000,,0,0,0,0
2019-03-25,441.53564,205.57328,235.96237,0.00000,214,0,0,0,0,0.00000,0.00000,0.00000,,0,0,0,0
2019-03-26,445.07359,207.13742,237.93617,0.00000,216,2,0,0,0,0.00000,0.00000,0.00000,,0,0,0,0
2019-03-27,445.78118,209.81881,235.96237,0.00000,216,1,0,0,0,0.00000,0.00000,0.00000,,0,0,0,0
2019-03-28,451.14396,215.18159,235.96237,0.00000,218,2,0,0,0,0.00000,0.00000,0.00000,,0,0,0,0
2019-03-29,451.14396,215.18159,235.96237,0.00000,218,0,0,0,0,0.00000,0.00000,0.00000,,0,0,0,0
2019-03-30,451.14396,215.18159,235.96237,0.00000,218,0,0,0,0,0.00000,0.00000,0.00000,,0,0,0,0
2019-03-31,451.14396,215.18159,235.96237,0.00000,218,0,0,0,0,0.00000,0.00000,0.00000,,0,0,0,0
2019-04-01,451.14396,215.18159,235.96237,0.00000,218,0,0,0,0,0.00000,0.00000,0.00000,,0,0,0,0
2019-04-02,449.39361,215.40504,233.98857,0.00000,218,1,0,0,0,0.00000,0.00000,0.00000,,0,0,0,0
2019-04-03,449.39361,215.40504,233.98857,0.00000,218,0,0,0,0,0.00000,0.00000,0.00000,,0,0,0,0
2019-04-04,450.28741,225.23681,225.05060,0.00000,220,3,0,0,0,0.00000,0.00000,0.00000,,0,0,0,0
2019-04-05,452.96880,227.91820,225.05060,0.00000,221,1,0,0,0,0.00000,0.00000,0.00000,,0,0,0,0
2019-04-06,452.74535,227.69475,225.05060,0.00000,220,0,0,1,0,0.00000,200.00000,0.00000,,0,0,0,0
2019-04-07,456.99088,231.94028,225.05060,0.00000,220,1,0,1,0,0.00000,200.00000,0.00000,,0,0,0,0
2019-04-08,457.66123,231.94028,225.72095,0.00000,221,1,0,0,0,0.00000,0.00000,0.00000,,0,0,0,0
2019-04-09,460.34262,234.62167,225.72095,0.00000,222,2,0,1,0,0.00000,200.00000,0.00000,,0,0,0,0
2019-04-10,465.92885,240.20790,225.72095,0.00000,221,1,0,2,0,0.00000,400.00000,0.00000,,0,0,0,0
2019-04-11,465.92885,240.20790,225.72095,0.00000,221,0,0,0,0,0.00000,0.00000,0.00000,,0,0,0,0
2019-04-12,463.43367,235.73892,227.69475,0.00000,221,1,0,1,0,0.00000,200.00000,0.00000,,0,0,0,0
2019-04-13,467.90265,240.20790,227.69475,0.00000,222,1,0,0,0,0.00000,0.00000,0.00000,,0,0,0,0
2019-04-14,470.58404,242.88930,227.69475,0.00000,223,1,0,0,0,0.00000,0.00000,0.00000,,0,0,0,0
2019-04-15,469.46680,241.77205,227.69475,0.00000,223,2,0,2,0,0.00000,400.00000,0.00000,,0,0,0,0
2019-04-16,476.84062,249.81622,227.02440,0.00000,225,3,0,0,0,0.00000,0.00000,0.00000,,0,0,0,0
2019-04-17,481.49581,252.49761,228.99820,0.00000,227,2,0,0,0,0.00000,0.00000,0.00000,,0,0,0,0
2019-04-18,481.53305,255.17900,226.35405,0.00000,226,1,0,0,0,0.00000,0.00000,0.00000,,0,0,0,0
2019-04-19,481.30960,254.95555,226.35405,0.00000,225,0,0,1,0,0.00000,200.00000,0.00000,,0,0,0,0
2019-04-20,478.62821,252.27416,226.35405,0.00000,224,0,0,1,0,0.00000,200.00000,0.00000,,0,0,0,0
2019-04-21,480.41581,253.61486,226.80095,0.00000,225,2,0,1,0,0.00000,200.00000,0.00000,,0,0,0,0
2019-04-22,480.19236,253.39141,226.80095,0.00000,224,0,0,1,0,0.00000,200.00000,0.00000,,0,0,0,0
2019-04-23,480.19236,253.39141,226.80095,0.00000,224,0,0,0,0,0.00000,0.00000,0.00000,,0,0,0,0
2019-04-24,480.41581,253.61486,226.80095,0.00000,225,1,0,0,0,0.00000,0.00000,0.00000,,0,0,0,0
2019-04-25,477.73442,250.93347,226.80095,0.00000,224,0,0,1,0,0.00000,200.00000,0.00000,,0,0,0,0
2019-04-26,480.41581,253.61486,226.80095,0.00000,225,1,0,0,0,0.00000,0.00000,0.00000,,0,0,0,0
2019-04-27,489.35378,253.61486,235.73892,0.00000,226,1,0,0,0,0.00000,0.00000,0.00000,,0,0,0,0
2019-04-28,493.59931,257.86039,235.73892,0.00000,228,2,0,0,0,0.00000,0.00000,0.00000,,0,0,0,0
2019-04-29,493.37586,257.63694,235.73892,0.00000,227,0,0,1,0,0.00000,200.00000,0.00000,,0,0,0,0
2019-04-30,495.34966,257.63694,237.71272,0.00000,228,1,0,0,0,0.00000,0.00000,0.00000,,0,0,0,0
2019-05-01,497.58415,259.87144,237.71272,0.00000,228,1,0,1,0,0.00000,200.00000,0.00000,,0,0,0,0
2019-05-02,497.58415,259.87144,237.71272,0.00000,228,0,0,0,0,0.00000,0.00000,0.00000,,0,0,0,0
2019-05-03,497.80760,260.09488,237.71272,0.00000,229,1,0,0,0,0.00000,0.00000,0.00000,,0,0,0,0
2019-05-04,497.36071,259.64799,237.71272,0.00000,228,0,0,1,0,0.00000,200.00000,0.00000,,0,0,0,0
2019-05-05,500.26555,262.55283,237.71272,0.00000,230,2,0,0,0,0.00000,0.00000,0.00000,,0,0,0,0
2019-05-06,497.58416,259.87144,237.71272,0.00000,229,0,0,1,0,0.00000,200.00000,0.00000,,0,0,0,0
2019-05-07,498.03105,260.31833,237.71272,0.00000,230,1,0,0,0,0.00000,0.00000,0.00000,,0,0,0,0
2019-05-08,498.03105,260.31833,237.71272,0.00000,230,0,0,0,0,0.00000,0.00000,0.00000,,0,0,0,0
2019-05-09,498.70140,260.54178,238.15962,0.00000,232,2,0,0,0,0.00000,0.00000,0.00000,,0,0,0,0
2019-05-10,501.38279,263.22317,238.15962,0.00000,233,1,0,0,0,0.00000,0.00000,0.00000,,0,0,0,0
2019-05-11,501.82969,263.67007,238.15962,0.00000,235,2,0,0,0,0.00000,0.00000,0.00000,,0,0,0,0
2019-05-12,518.81183,271.71424,247.09759,0.00000,239,4,0,0,0,0.00000,0.00000,0.00000,,0,0,0,0
2019-05-13,532.21878,285.12120,247.09759,0.00000,241,3,0,1,0,0.00000,200.00000,0.00000,,0,0,0,0
2019-05-14,534.90017,287.80259,247.09759,0.00000,242,1,0,0,0,0.00000,0.00000,0.00000,,0,0,0,0
2019-05-15,539.81606,292.27157,247.54448,0.00000,245,3,0,0,0,0.00000,0.00000,0.00000,,0,0,0,0
2019-05-16,556.79820,300.53919,256.25900,0.00000,247,3,0,0,0,0.00000,0.00000,0.00000,,0,0,0,0
2019-05-17,554.82440,300.53919,254.28520,0.00000,246,0,0,0,0,0.00000,0.00000,0.00000,,0,0,0,0
2019-05-18,554.37750,300.09229,254.28520,0.00000,244,0,0,2,0,0.00000,400.00000,0.00000,,0,0,0,0
2019-05-19,558.80924,302.99713,255.81211,0.00000,246,3,0,0,0,0.00000,0.00000,0.00000,,0,0,0,0
2019-05-20,565.06582,309.25371,255.81211,0.00000,248,2,0,0,0,0.00000,0.00000,0.00000,,0,0,0,0
2019-05-21,562.38443,306.57232,255.81211,0.00000,247,0,0,1,0,0.00000,200.00000,0.00000,,0,0,0,0
2019-05-22,575.12103,319.30893,255.81211,0.00000,249,3,0,1,0,0.00000,200.00000,0.00000,,0,0,0,0
2019-05-23,575.56793,319.75582,255.81211,0.00000,250,1,0,0,0,0.00000,0.00000,0.00000,,0,0,0,0
2019-05-24,573.59413,319.75582,253.83830,0.00000,249,0,0,0,0,0.00000,0.00000,0.00000,,0,0,0,0
2019-05-25,576.27552,322.43722,253.83830,0.00000,250,1,0,0,0,0.00000,0.00000,0.00000,,0,0,0,0
2019-05-26,576.49897,322.43722,254.06175,0.00000,251,1,0,0,0,0.00000,0.00000,0.00000,,0,0,0,0
2019-05-27,576.53621,324.44826,252.08795,0.00000,252,2,0,0,0,0.00000,0.00000,0.00000,,0,0,0,0
2019-05-28,558.02717,316.62754,241.39963,0.00000,249,1,0,1,0,0.00000,200.00000,0.00000,,0,0,0,0
2019-05-29,564.28375,322.88411,241.39963,0.00000,251,2,0,0,0,0.00000,0.00000,0.00000,,0,0,0,0
2019-05-30,564.50719,322.88411,241.62308,0.00000,252,1,0,0,0,0.00000,0.00000,0.00000,,0,0,0,0
2019-05-31,566.25755,322.66066,243.59688,0.00000,252,1,0,1,0,0.00000,200.00000,0.00000,,0,0,0,0
2019-06-01,566.25755,322.66066,243.59688,0.00000,252,0,0,0,0,0.00000,0.00000,0.00000,,0,0,0,0
2019-06-02,572.06723,328.47034,243.59688,0.00000,256,4,0,0,0,0.00000,0.00000,0.00000,,0,0,0,0
2019-06-03,572.06723,328.47034,243.59688,0.00000,256,0,0,0,0,0.00000,0.00000,0.00000,,0,0,0,0
2019-06-04,576.53621,332.93933,243.59688,0.00000,257,1,0,0,0,0.00000,0.00000,0.00000,,0,0,0,0
2019-06-05,576.31276,332.93933,243.37343,0.00000,257,1,0,0,0,0.00000,0.00000,0.00000,,0,0,0,0
2019-06-06,578.28656,332.93933,245.34723,0.00000,258,1,0,0,0,0.00000,0.00000,0.00000,,0,0,0,0
2019-06-07,580.96795,335.62072,245.34723,0.00000,259,1,0,0,0,0.00000,0.00000,0.00000,,0,0,0,0
2019-06-08,580.96795,335.62072,245.34723,0.00000,259,0,0,0,0,0.00000,0.00000,0.00000,,0,0,0,0
2019-06-09,583.64934,338.30211,245.34723,0.00000,260,1,0,0,0,0.00000,0.00000,0.00000,,0,0,0,0
2019-06-10,585.62315,338.30211,247.32104,0.00000,261,1,0,0,0,0.00000,0.00000,0.00000,,0,0,0,0
2019-06-11,585.84659,338.52556,247.32104,0.00000,262,1,0,0,0,0.00000,0.00000,0.00000,,0,0,0,0
2019-06-12,586.51694,338.52556,247.99138,0.00000,263,1,0,0,0,0.00000,0.00000,0.00000,,0,0,0,0
2019-06-13,589.19833,341.20695,247.99138,0.00000,264,1,0,0,0,0.00000,0.00000,0.00000,,0,0,0,0
2019-06-14,589.19833,341.20695,247.99138,0.00000,264,0,0,0,0,0.00000,0.00000,0.00000,,0,0,0,0
2019-06-15,591.17213,341.20695,249.96518,0.00000,265,1,0,0,0,0.00000,0.00000,0.00000,,0,0,0,0
2019-06-16,598.76941,348.80422,249.96518,0.00000,267,2,0,0,0,0.00000,0.00000,0.00000,,0,0,0,0
2019-06-17,603.46184,353.04976,250.41208,0.00000,270,3,0,0,0,0.00000,0.00000,0.00000,,0,0,0,0
2019-06-18,603.46184,353.04976,250.41208,0.00000,270,0,0,0,0,0.00000,0.00000,0.00000,,0,0,0,0
2019-06-19,608.15427,357.51874,250.63553,0.00000,271,2,0,0,0,0.00000,0.00000,0.00000,,0,0,0,0
2019-06-20,610.83566,360.20013,250.63553,0.00000,272,1,0,0,0,0.00000,0.00000,0.00000,,0,0,0,0
2019-06-21,613.29361,362.65807,250.63553,0.00000,272,1,0,1,0,0.00000,200.00000,0.00000,,0,0,0,0
2019-06-22,613.29361,362.65807,250.63553,0.00000,272,0,0,0,0,0.00000,0.00000,0.00000,,0,0,0,0
2019-06-23,613.29361,362.65807,250.63553,0.00000,272,0,0,0,0,0.00000,0.00000,0.00000,,0,0,0,0
2019-06-24,614.85775,364.22222,250.63553,0.00000,273,1,0,0,0,0.00000,0.00000,0.00000,,0,0,0,0
2019-06-25,614.63430,363.99877,250.63553,0.00000,272,0,0,1,0,0.00000,200.00000,0.00000,,0,0,0,0
2019-06-26,614.63430,363.99877,250.63553,0.00000,272,0,0,0,0,0.00000,0.00000,0.00000,,0,0,0,0
2019-06-27,617.53914,366.90361,250.63553,0.00000,274,2,0,0,0,0.00000,0.00000,0.00000,,0,0,0,0
2019-06-28,623.57227,372.93674,250.63553,0.00000,275,1,0,0,0,0.00000,0.00000,0.00000,,0,0,0,0
2019-06-29,626.25366,375.61813,250.63553,0.00000,276,1,0,0,0,0.00000,0.00000,0.00000,,0,0,0,0
2019-06-30,631.83989,381.20436,250.63553,0.00000,279,3,0,0,0,0.00000,0.00000,0.00000,,0,0,0,0
2019-07-01,634.52128,383.88575,250.63553,0.00000,280,1,0,0,0,0.00000,0.00000,0.00000,,0,0,0,0
2019-07-02,634.52128,383.88575,250.63553,0.00000,280,0,0,0,0,0.00000,0.00000,0.00000,,0,0,0,0
2019-07-03,624.24262,381.42781,242.81481,0.00000,280,2,0,1,0,0.00000,200.00000,0.00000,,0,0,0,0
2019-07-04,625.99297,381.20436,244.78861,0.00000,280,1,0,1,0,0.00000,200.00000,0.00000,,0,0,0,0
2019-07-05,628.89781,384.10920,244.78861,0.00000,282,2,0,0,0,0.00000,0.00000,0.00000,,0,0,0,0
2019-07-06,628.67436,383.88575,244.78861,0.00000,281,0,0,1,0,0.00000,200.00000,0.00000,,0,0,0,0
2019-07-07,628.67436,383.88575,244.78861,0.00000,281,0,0,0,0,0.00000,0.00000,0.00000,,0,0,0,0
2019-07-08,631.35575,386.56714,244.78861,0.00000,282,1,0,0,0,0.00000,0.00000,0.00000,,0,0,0,0
2019-07-09,631.13230,386.34369,244.78861,0.00000,281,0,0,1,0,0.00000,200.00000,0.00000,,0,0,0,0
2019-07-10,633.32955,386.56714,246.76241,0.00000,283,2,0,0,0,0.00000,0.00000,0.00000,,0,0,0,0
2019-07-11,633.32955,386.56714,246.76241,0.00000,283,0,0,0,0,0.00000,0.00000,0.00000,,0,0,0,0
2019-07-12,635.78749,389.24853,246.53896,0.00000,283,1,0,0,0,0.00000,0.00000,0.00000,,0,0,0,0
2019-07-13,633.81369,389.24853,244.56516,0.00000,282,0,0,0,0,0.00000,0.00000,0.00000,,0,0,0,0
2019-07-14,633.81369,389.24853,244.56516,0.00000,282,0,0,0,0,0.00000,0.00000,0.00000,,0,0,0,0
2019-07-15,633.81369,389.24853,244.56516,0.00000,282,0,0,0,0,0.00000,0.00000,0.00000,,0,0,0,0
2019-07-16,634.48404,389.91888,244.56516,0.00000,284,2,0,0,0,0.00000,0.00000,0.00000,,0,0,0,0
2019-07-17,634.48404,389.91888,244.56516,0.00000,284,0,0,0,0,0.00000,0.00000,0.00000,,0,0,0,0
2019-07-18,642.75166,398.18650,244.56516,0.00000,285,1,0,0,0,0.00000,0.00000,0.00000,,0,0,0,0
2019-07-19,642.75166,398.18650,244.56516,0.00000,285,0,0,0,0,0.00000,0.00000,0.00000,,0,0,0,0
2019-07-20,648.78479,404.21963,244.56516,0.00000,286,1,0,0,0,0.00000,0.00000,0.00000,,0,0,0,0
2019-07-21,648.78479,404.21963,244.56516,0.00000,286,0,0,0,0,0.00000,0.00000,0.00000,,0,0,0,0
2019-07-22,652.54618,406.00722,246.53896,0.00000,289,3,0,0,0,0.00000,0.00000,0.00000,,0,0,0,0
2019-07-23,654.55723,407.34792,247.20931,0.00000,289,2,0,1,0,0.00000,200.00000,0.00000,,0,0,0,0
2019-07-24,657.23862,410.02931,247.20931,0.00000,290,1,0,0,0,0.00000,0.00000,0.00000,,0,0,0,0
2019-07-25,657.23862,410.02931,247.20931,0.00000,290,0,0,0,0,0.00000,0.00000,0.00000,,0,0,0,0
2019-07-26,672.88006,425.67075,247.20931,0.00000,295,5,0,0,0,0.00000,0.00000,0.00000,,0,0,0,0
2019-07-27,683.82907,428.35214,255.47693,0.00000,297,2,0,0,0,0.00000,0.00000,0.00000,,0,0,0,0
2019-07-28,684.49942,428.35214,256.14728,0.00000,298,1,0,0,0,0.00000,0.00000,0.00000,,0,0,0,0
2019-07-29,689.86220,433.71492,256.14728,0.00000,300,2,0,0,0,0.00000,0.00000,0.00000,,0,0,0,0
2019-07-30,690.30910,434.16182,256.14728,0.00000,301,1,0,0,0,0.00000,0.00000,0.00000,,0,0,0,0
2019-07-31,691.01669,436.84321,254.17348,0.00000,301,1,0,0,0,0.00000,0.00000,0.00000,,0,0,0,0
2019-08-01,682.52562,436.61976,245.90586,0.00000,299,0,0,1,0,0.00000,200.00000,0.00000,,0,0,0,0
2019-08-02,693.47463,447.56877,245.90586,0.00000,301,2,0,0,0,0.00000,0.00000,0.00000,,0,0,0,0
2019-08-03,694.18222,450.25017,243.93206,0.00000,301,1,0,0,0,0.00000,0.00000,0.00000,,0,0,0,0
2019-08-04,693.73532,450.25017,243.48516,0.00000,300,0,0,0,0,0.00000,0.00000,0.00000,,0,0,0,0
2019-08-05,693.73532,450.25017,243.48516,0.00000,300,0,0,0,0,0.00000,0.00000,0.00000,,0,0,0,0
2019-08-06,693.51187,450.02672,243.48516,0.00000,300,2,0,2,0,0.00000,400.00000,0.00000,,0,0,0,0
2019-08-07,701.14639,451.81431,249.33208,0.00000,299,2,0,1,0,0.00000,200.00000,0.00000,,0,0,0,0
2019-08-08,700.92294,451.59086,249.33208,0.00000,298,0,0,1,0,0.00000,200.00000,0.00000,,0,0,0,0
2019-08-09,700.69949,460.30538,240.39411,0.00000,299,2,0,0,0,0.00000,0.00000,0.00000,,0,0,0,0
2019-08-10,700.69949,460.30538,240.39411,0.00000,299,0,0,0,0,0.00000,0.00000,0.00000,,0,0,0,0
2019-08-11,700.25259,459.85848,240.39411,0.00000,298,0,0,1,0,0.00000,200.00000,0.00000,,0,0,0,0
2019-08-12,700.73673,462.31642,238.42031,0.00000,297,1,0,1,0,0.00000,200.00000,0.00000,,0,0,0,0
2019-08-13,706.76986,468.34955,238.42031,0.00000,298,1,0,0,0,0.00000,0.00000,0.00000,,0,0,0,0
2019-08-14,717.68163,468.34955,249.33208,0.00000,300,2,0,0,0,0.00000,0.00000,0.00000,,0,0,0,0
2019-08-15,717.68163,468.34955,249.33208,0.00000,300,0,0,0,0,0.00000,0.00000,0.00000,,0,0,0,0
2019-08-16,720.58647,471.25439,249.33208,0.00000,302,2,0,0,0,0.00000,0.00000,0.00000,,0,0,0,0
2019-08-17,722.33682,471.03094,251.30588,0.00000,302,1,0,1,0,0.00000,200.00000,0.00000,,0,0,0,0
2019-08-18,725.46511,474.15923,251.30588,0.00000,304,2,0,0,0,0.00000,0.00000,0.00000,,0,0,0,0
2019-08-19,728.36995,477.06407,251.30588,0.00000,306,2,0,0,0,0.00000,0.00000,0.00000,,0,0,0,0
2019-08-20,728.36995,477.06407,251.30588,0.00000,306,0,0,0,0,0.00000,0.00000,0.00000,,0,0,0,0
2019-08-21,729.26375,477.95787,251.30588,0.00000,308,2,0,0,0,0.00000,0.00000,0.00000,,0,0,0,0
2019-08-22,729.26375,477.95787,251.30588,0.00000,308,1,0,0,0,0.00000,0.00000,0.00000,,0,0,0,0
2019-08-23,729.26375,477.95787,251.30588,0.00000,308,0,0,0,0,0.00000,0.00000,0.00000,,0,0,0,0
2019-08-24,737.53137,477.95787,259.57350,0.00000,309,1,0,0,0,0.00000,0.00000,0.00000,,0,0,0,0
2019-08-25,745.57554,486.00204,259.57350,0.00000,309,1,0,1,0,0.00000,200.00000,0.00000,,0,0,0,0
2019-08-26,747.54934,486.00204,261.54730,0.00000,310,1,0,0,0,0.00000,0.00000,0.00000,,0,0,0,0
2019-08-27,747.32589,485.77859,261.54730,0.00000,309,0,0,1,0,0.00000,200.00000,0.00000,,0,0,0,0
2019-08-28,747.32589,485.77859,261.54730,0.00000,309,0,0,0,0,0.00000,0.00000,0.00000,,0,0,0,0
2019-08-29,746.91624,487.34273,259.57350,0.00000,309,1,0,0,0,0.00000,0.00000,0.00000,,0,0,0,0
2019-08-30,748.89004,487.34273,261.54730,0.00000,310,1,0,0,0,0.00000,0.00000,0.00000,,0,0,0,0
2019-08-31,749.11349,487.56618,261.54730,0.00000,311,1,0,0,0,0.00000,0.00000,0.00000,,0,0,0,0
2019-09-01,749.11349,487.56618,261.54730,0.00000,311,0,0,0,0,0.00000,0.00000,0.00000,,0,0,0,0
2019-09-02,749.33694,487.56618,261.77075,0.00000,312,1,0,0,0,0.00000,0.00000,0.00000,,0,0,0,0
2019-09-03,752.01833,490.24757,261.77075,0.00000,313,1,0,0,0,0.00000,0.00000,0.00000,,0,0,0,0
2019-09-04,752.01833,490.24757,261.77075,0.00000,313,0,0,0,0,0.00000,0.00000,0.00000,,0,0,0,0
2019-09-05,760.28595,490.24757,270.03837,0.00000,314,1,0,0,0,0.00000,0.00000,0.00000,,0,0,0,0
2019-09-06,773.43221,501.42004,272.01217,0.00000,318,4,0,0,0,0.00000,0.00000,0.00000,,0,0,0,0
2019-09-07,773.87911,501.86693,272.01217,0.00000,319,1,0,0,0,0.00000,0.00000,0.00000,,0,0,0,0
2019-09-08,775.66670,503.65453,272.01217,0.00000,321,2,0,0,0,0.00000,0.00000,0.00000,,0,0,0,0
2019-09-09,775.66670,503.65453,272.01217,0.00000,321,0,0,0,0,0.00000,0.00000,0.00000,,0,0,0,0
2019-09-10,782.81708,510.80490,272.01217,0.00000,323,3,0,1,0,0.00000,200.00000,0.00000,,0,0,0,0
2019-09-11,782.81708,510.80490,272.01217,0.00000,323,0,0,0,0,0.00000,0.00000,0.00000,,0,0,0,0
2019-09-12,773.65566,510.58145,263.07421,0.00000,321,0,0,1,0,0.00000,200.00000,0.00000,,0,0,0,0
2019-09-13,777.00740,513.26284,263.74455,0.00000,323,2,0,0,0,0.00000,0.00000,0.00000,,0,0,0,0
2019-09-14,768.51633,504.99522,263.52110,0.00000,321,0,0,1,0,0.00000,200.00000,0.00000,,0,0,0,0
2019-09-15,784.60467,504.54832,280.05635,0.00000,322,2,0,1,0,0.00000,200.00000,0.00000,,0,0,0,0
2019-09-16,786.83916,507.22971,279.60945,0.00000,322,1,0,0,0,0.00000,0.00000,0.00000,,0,0,0,0
2019-09-17,791.08470,511.47525,279.60945,0.00000,324,2,0,0,0,0.00000,0.00000,0.00000,,0,0,0,0
2019-09-18,785.05157,505.44212,279.60945,0.00000,323,0,0,1,0,0.00000,200.00000,0.00000,,0,0,0,0
2019-09-19,785.05157,505.44212,279.60945,0.00000,323,0,0,0,0,0.00000,0.00000,0.00000,,0,0,0,0
2019-09-20,785.98261,508.34696,277.63565,0.00000,324,2,0,0,0,0.00000,0.00000,0.00000,,0,0,0,0
2019-09-21,786.20606,508.57041,277.63565,0.00000,325,1,0,0,0,0.00000,0.00000,0.00000,,0,0,0,0
2019-09-22,796.89438,517.28493,279.60945,0.00000,328,3,0,0,0,0.00000,0.00000,0.00000,,0,0,0,0
2019-09-23,797.11783,517.50838,279.60945,0.00000,329,1,0,0,0,0.00000,0.00000,0.00000,,0,0,0,0
2019-09-24,802.48061,522.64771,279.83290,0.00000,331,3,0,1,0,0.00000,200.00000,0.00000,,0,0,0,0
2019-09-25,802.25716,522.42426,279.83290,0.00000,330,0,0,1,0,0.00000,200.00000,0.00000,,0,0,0,0
2019-09-26,810.52478,522.20081,288.32397,0.00000,329,1,0,1,0,0.00000,200.00000,0.00000,,0,0,0,0
2019-09-27,809.85443,521.97736,287.87707,0.00000,327,0,0,1,0,0.00000,200.00000,0.00000,,0,0,0,0
2019-09-28,818.12205,530.24498,287.87707,0.00000,328,1,0,0,0,0.00000,0.00000,0.00000,,0,0,0,0
2019-09-29,819.05309,533.14982,285.90327,0.00000,329,2,0,0,0,0.00000,0.00000,0.00000,,0,0,0,0
2019-09-30,830.00210,535.83121,294.17089,0.00000,331,2,0,0,0,0.00000,0.00000,0.00000,,0,0,0,0
2019-10-01,830.00210,535.83121,294.17089,0.00000,331,0,0,0,0,0.00000,0.00000,0.00000,,0,0,0,0
2019-10-02,821.06413,535.83121,285.23292,0.00000,330,0,0,0,0,0.00000,0.00000,0.00000,,0,0,0,0
2019-10-03,814.58411,538.28916,276.29495,0.00000,329,1,0,1,0,0.00000,200.00000,0.00000,,0,0,0,0
2019-10-04,805.42269,538.06571,267.35698,0.00000,327,0,0,1,0,0.00000,200.00000,0.00000,,0,0,0,0
2019-10-05,804.97579,538.06571,266.91008,0.00000,326,0,0,0,0,0.00000,0.00000,0.00000,,0,0,0,0
2019-10-06,804.97579,538.06571,266.91008,0.00000,326,0,0,0,0,0.00000,0.00000,0.00000,,0,0,0,0
2019-10-07,805.68338,540.74710,264.93628,0.00000,326,1,0,0,0,0.00000,0.00000,0.00000,,0,0,0,0
2019-10-08,805.23648,540.74710,264.48938,0.00000,325,0,0,0,0,0.00000,0.00000,0.00000,,0,0,0,0
2019-10-09,811.19513,543.42849,267.76664,0.00000,327,3,0,0,0,0.00000,0.00000,0.00000,,0,0,0,0
2019-10-10,811.19513,543.42849,267.76664,0.00000,327,0,0,0,0,0.00000,0.00000,0.00000,,0,0,0,0
2019-10-11,813.87652,546.10988,267.76664,0.00000,328,1,0,0,0,0.00000,0.00000,0.00000,,0,0,0,0
2019-10-12,813.87652,546.10988,267.76664,0.00000,328,1,0,0,0,0.00000,0.00000,0.00000,,0,0,0,0
2019-10-13,802.92751,544.54573,258.38177,0.00000,328,3,0,1,0,0.00000,200.00000,0.00000,,0,0,0,0
2019-10-14,811.19513,552.81335,258.38177,0.00000,329,1,0,0,0,0.00000,0.00000,0.00000,,0,0,0,0
2019-10-15,820.13309,552.81335,267.31974,0.00000,330,1,0,0,0,0.00000,0.00000,0.00000,,0,0,0,0
2019-10-16,822.59104,555.27130,267.31974,0.00000,330,1,0,1,0,0.00000,200.00000,0.00000,,0,0,0,0
2019-10-17,827.95382,560.63408,267.31974,0.00000,332,2,0,0,0,0.00000,0.00000,0.00000,,0,0,0,0
2019-10-18,830.63521,563.31547,267.31974,0.00000,333,1,0,0,0,0.00000,0.00000,0.00000,,0,0,0,0
2019-10-19,825.27243,566.22031,259.05212,0.00000,335,4,0,1,0,0.00000,200.00000,0.00000,,0,0,0,0
2019-10-20,823.29863,566.22031,257.07832,0.00000,334,0,0,0,0,0.00000,0.00000,0.00000,,0,0,0,0
2019-10-21,825.75657,568.90170,256.85487,0.00000,334,1,0,0,0,0.00000,0.00000,0.00000,,0,0,0,0
2019-10-22,829.70417,568.90170,260.80247,0.00000,336,2,0,0,0,0.00000,0.00000,0.00000,,0,0,0,0
2019-10-23,829.70417,568.90170,260.80247,0.00000,336,0,0,0,0,0.00000,0.00000,0.00000,,0,0,0,0
2019-10-24,835.96075,575.15828,260.80247,0.00000,337,2,0,1,0,0.00000,200.00000,0.00000,,0,0,0,0
2019-10-25,835.96075,575.15828,260.80247,0.00000,337,0,0,0,0,0.00000,0.00000,0.00000,,0,0,0,0
2019-10-26,835.96075,575.15828,260.80247,0.00000,337,1,0,1,0,0.00000,200.00000,0.00000,,0,0,0,0
2019-10-27,835.51385,575.15828,260.35557,0.00000,336,0,0,0,0,0.00000,0.00000,0.00000,,0,0,0,0
2019-10-28,838.19524,577.83967,260.35557,0.00000,337,1,0,0,0,0.00000,0.00000,0.00000,,0,0,0,0
2019-10-29,843.55802,583.20245,260.35557,0.00000,339,2,0,0,0,0.00000,0.00000,0.00000,,0,0,0,0
2019-10-30,837.97179,585.88384,252.08795,0.00000,339,1,0,0,0,0.00000,0.00000,0.00000,,0,0,0,0
2019-10-31,847.80356,595.71560,252.08795,0.00000,341,2,0,0,0,0.00000,0.00000,0.00000,,0,0,0,0
2019-11-01,856.07118,595.71560,260.35557,0.00000,342,1,0,0,0,0.00000,0.00000,0.00000,,0,0,0,0
2019-11-02,861.65741,601.30183,260.35557,0.00000,345,3,0,0,0,0.00000,0.00000,0.00000,,0,0,0,0
2019-11-03,861.21051,600.85494,260.35557,0.00000,344,0,0,1,0,0.00000,200.00000,0.00000,,0,0,0,0
2019-11-04,858.30567,606.21772,252.08795,0.00000,345,2,0,0,0,0.00000,0.00000,0.00000,,0,0,0,0
2019-11-05,858.30567,606.21772,252.08795,0.00000,345,0,0,0,0,0.00000,0.00000,0.00000,,0,0,0,0
2019-11-06,858.30567,606.21772,252.08795,0.00000,345,0,0,0,0,0.00000,0.00000,0.00000,,0,0,0,0
2019-11-07,863.66845,611.58050,252.08795,0.00000,347,2,0,0,0,0.00000,0.00000,0.00000,,0,0,0,0
2019-11-08,858.11946,616.94328,241.17618,0.00000,347,2,0,0,0,0.00000,0.00000,0.00000,,0,0,0,0
2019-11-09,858.11946,616.94328,241.17618,0.00000,347,0,0,0,0,0.00000,0.00000,0.00000,,0,0,0,0
2019-11-10,857.89601,616.71983,241.17618,0.00000,347,1,0,1,0,0.00000,200.00000,0.00000,,0,0,0,0
2019-11-11,855.69876,616.71983,238.97893,0.00000,345,0,0,0,0,0.00000,0.00000,0.00000,,0,0,0,0
2019-11-12,855.69876,616.71983,238.97893,0.00000,345,0,0,0,0,0.00000,0.00000,0.00000,,0,0,0,0
2019-11-13,855.69876,616.71983,238.97893,0.00000,345,0,0,0,0,0.00000,0.00000,0.00000,,0,0,0,0
2019-11-14,860.80085,619.40122,241.39963,0.00000,348,3,0,0,0,0.00000,0.00000,0.00000,,0,0,0,0
2019-11-15,875.10160,624.76400,250.33760,0.00000,351,3,0,0,0,0.00000,0.00000,0.00000,,0,0,0,0
2019-11-16,872.68090,624.31710,248.36380,0.00000,348,0,0,2,0,0.00000,400.00000,0.00000,,0,0,0,0
2019-11-17,873.12780,624.31710,248.81070,0.00000,349,1,0,0,0,0.00000,0.00000,0.00000,,0,0,0,0
2019-11-18,876.25609,627.44539,248.81070,0.00000,351,2,0,0,0,0.00000,0.00000,0.00000,,0,0,0,0
2019-11-19,877.82023,629.00954,248.81070,0.00000,352,1,0,0,0,0.00000,0.00000,0.00000,,0,0,0,0
2019-11-20,877.82023,629.00954,248.81070,0.00000,352,0,0,0,0,0.00000,0.00000,0.00000,,0,0,0,0
2019-11-21,886.94441,636.15991,250.78450,0.00000,355,3,0,0,0,0.00000,0.00000,0.00000,,0,0,0,0
2019-11-22,889.40235,638.61785,250.78450,0.00000,355,1,0,1,0,0.00000,200.00000,0.00000,,0,0,0,0
2019-11-23,897.40928,644.65098,252.75830,0.00000,357,2,0,0,0,0.00000,0.00000,0.00000,,0,0,0,0
2019-11-24,905.45345,652.69515,252.75830,0.00000,360,3,0,0,0,0.00000,0.00000,0.00000,,0,0,0,0
2019-11-25,905.45345,652.69515,252.75830,0.00000,360,0,0,0,0,0.00000,0.00000,0.00000,,0,0,0,0
2019-11-26,904.78311,652.69515,252.08795,0.00000,359,0,0,0,0,0.00000,0.00000,0.00000,,0,0,0,0
2019-11-27,907.46450,655.37654,252.08795,0.00000,360,1,0,0,0,0.00000,0.00000,0.00000,,0,0,0,0
2019-11-28,905.45345,654.03585,251.41760,0.00000,359,1,0,1,0,0.00000,200.00000,0.00000,,0,0,0,0
2019-11-29,908.13484,656.71724,251.41760,0.00000,360,2,0,0,0,0.00000,0.00000,0.00000,,0,0,0,0
2019-11-30,908.13484,656.71724,251.41760,0.00000,360,0,0,0,0,0.00000,0.00000,0.00000,,0,0,0,0
2019-12-01,907.91139,656.49379,251.41760,0.00000,359,0,0,1,0,0.00000,200.00000,0.00000,,0,0,0,0
2019-12-02,908.35829,656.49379,251.86450,0.00000,360,2,0,1,0,0.00000,200.00000,0.00000,,0,0,0,0
2019-12-03,916.62591,664.76141,251.86450,0.00000,361,1,0,0,0,0.00000,0.00000,0.00000,,0,0,0,0
2019-12-04,916.40246,664.53796,251.86450,0.00000,361,1,0,1,0,0.00000,200.00000,0.00000,,0,0,0,0
2019-12-05,915.95557,664.53796,251.41760,0.00000,360,0,0,0,0,0.00000,0.00000,0.00000,,0,0,0,0
2019-12-06,921.31835,669.90074,251.41760,0.00000,362,2,0,0,0,0.00000,0.00000,0.00000,,0,0,0,0
2019-12-07,924.44664,673.02903,251.41760,0.00000,364,2,0,0,0,0.00000,0.00000,0.00000,,0,0,0,0
2019-12-08,924.44664,673.02903,251.41760,0.00000,364,0,0,0,0,0.00000,0.00000,0.00000,,0,0,0,0
2019-12-09,926.45768,675.71042,250.74726,0.00000,364,1,0,0,0,0.00000,0.00000,0.00000,,0,0,0,0
2019-12-10,928.91562,678.16836,250.74726,0.00000,364,1,0,1,0,0.00000,200.00000,0.00000,,0,0,0,0
2019-12-11,931.82046,681.07320,250.74726,0.00000,366,2,0,0,0,0.00000,0.00000,0.00000,,0,0,0,0
2019-12-12,931.59701,680.84975,250.74726,0.00000,365,1,0,1,0,0.00000,200.00000,0.00000,,0,0,0,0
2019-12-13,933.34736,680.62630,252.72106,0.00000,365,1,0,1,0,0.00000,200.00000,0.00000,,0,0,0,0
2019-12-14,933.34736,680.62630,252.72106,0.00000,365,0,0,0,0,0.00000,0.00000,0.00000,,0,0,0,0
2019-12-15,934.46461,681.74355,252.72106,0.00000,365,2,0,2,0,0.00000,400.00000,0.00000,,0,0,0,0
2019-12-16,936.92255,684.42494,252.49761,0.00000,365,1,0,0,0,0.00000,0.00000,0.00000,,0,0,0,0
2019-12-17,936.92255,684.42494,252.49761,0.00000,365,1,0,0,0,0.00000,0.00000,0.00000,,0,0,0,0
2019-12-18,946.30742,684.87184,261.43558,0.00000,367,2,0,0,0,0.00000,0.00000,0.00000,,0,0,0,0
2019-12-19,946.30742,684.87184,261.43558,0.00000,367,0,0,0,0,0.00000,0.00000,0.00000,,0,0,0,0
2019-12-20,950.10605,689.11737,260.98868,0.00000,368,2,0,0,0,0.00000,0.00000,0.00000,,0,0,0,0
2019-12-21,948.13225,689.11737,259.01488,0.00000,367,0,0,0,0,0.00000,0.00000,0.00000,,0,0,0,0
2019-12-22,948.35570,689.34082,259.01488,0.00000,368,1,0,0,0,0.00000,0.00000,0.00000,,0,0,0,0
2019-12-23,948.35570,689.34082,259.01488,0.00000,368,0,0,0,0,0.00000,0.00000,0.00000,,0,0,0,0
2019-12-24,951.70744,692.24566,259.46178,0.00000,371,3,0,0,0,0.00000,0.00000,0.00000,,0,0,0,0
2019-12-25,950.18054,692.69256,257.48798,0.00000,371,1,0,0,0,0.00000,0.00000,0.00000,,0,0,0,0
2019-12-26,948.20674,692.69256,255.51417,0.00000,370,0,0,0,0,0.00000,0.00000,0.00000,,0,0,0,0
2019-12-27,950.92537,698.05534,252.87002,0.00000,370,2,0,0,0,0.00000,0.00000,0.00000,,0,0,0,0
2019-12-28,950.92537,698.05534,252.87002,0.00000,370,0,0,0,0,0.00000,0.00000,0.00000,,0,0,0,0
2019-12-29,967.68406,706.32296,261.36110,0.00000,373,3,0,0,0,0.00000,0.00000,0.00000,,0,0,0,0
2019-12-30,967.68406,706.32296,261.36110,0.00000,373,0,0,0,0,0.00000,0.00000,0.00000,,0,0,0,0
2019-12-31,968.57786,706.32296,262.25489,0.00000,375,2,0,0,0,0.00000,0.00000,0.00000,,0,0,0,0
2020-01-01,979.52687,717.27198,262.25489,2876.00000,377,2,0,0,51,0.00000,0.00000,2876.00000,,51,3,180,300
2020-01-02,981.94757,717.27198,264.67559,2876.00000,379,2,0,0,74,0.00000,0.00000,2876.00000,,74,3,180,360
2020-01-03,981.50067,716.82508,264.67559,2876.00000,378,0,0,1,38,0.00000,200.00000,2876.00000,,38,3,180,300
2020-01-04,983.28826,718.38922,264.89904,2876.00000,380,2,0,0,52,0.00000,0.00000,2876.00000,,52,3,180,360
2020-01-05,988.65104,723.75200,264.89904,0.00000,382,2,0,0,0,0.00000,0.00000,0.00000,,0,0,0,0
2020-01-06,990.62484,723.75200,266.87284,0.00000,383,1,0,0,0,0.00000,0.00000,0.00000,,0,0,0,0
2020-01-07,999.11591,732.24307,266.87284,0.00000,385,2,0,0,0,0.00000,0.00000,0.00000,,0,0,0,0
2020-01-08,1002.69110,735.14791,267.54319,0.00000,386,2,0,1,0,0.00000,200.00000,0.00000,,0,0,0,0
2020-01-09,1010.95872,743.41553,267.54319,0.00000,387,1,0,0,0,0.00000,0.00000,0.00000,,0,0,0,0
2020-01-10,1010.95872,743.41553,267.54319,0.00000,387,0,0,0,0,0.00000,0.00000,0.00000,,0,0,0,0
2020-01-11,1010.73527,743.19208,267.54319,0.00000,386,0,0,1,0,0.00000,200.00000,0.00000,,0,0,0,0
2020-01-12,1011.18217,743.63898,267.54319,0.00000,387,1,0,0,0,0.00000,0.00000,0.00000,,0,0,0,0
2020-01-13,1011.18217,743.63898,267.54319,0.00000,387,0,0,0,0,0.00000,0.00000,0.00000,,0,0,0,0
2020-01-14,1011.62907,743.63898,267.99009,0.00000,388,1,0,0,0,0.00000,0.00000,0.00000,,0,0,0,0
2020-01-15,1009.65527,743.63898,266.01629,0.00000,387,0,0,0,0,0.00000,0.00000,0.00000,,0,0,0,0
2020-01-16,868.21192,602.19563,266.01629,9200.00000,341,0,46,0,0,9200.00000,0.00000,0.00000,,0,0,0,0
2020-01-17,659.47311,391.48302,267.99009,12800.00000,277,1,64,1,0,12800.00000,200.00000,0.00000,,0,0,0,0
2020-01-18,536.83673,270.59700,266.23974,7200.00000,240,1,36,1,0,7200.00000,200.00000,0.00000,,0,0,0,0
2020-01-19,389.13680,122.00327,267.13353,8800.00000,200,5,44,0,0,8800.00000,0.00000,0.00000,,0,0,0,0
2020-01-20,389.13680,122.00327,267.13353,0.00000,200,0,0,0,0,0.00000,0.00000,0.00000,,0,0,0,0
2020-01-21,389.13680,121.77982,267.35698,0.00000,200,1,0,1,0,0.00000,200.00000,0.00000,,0,0,0,0
2020-01-22,383.32712,115.97014,267.35698,0.00000,200,1,0,1,0,0.00000,200.00000,0.00000,,0,0,0,0
2020-01-23,383.10367,116.19359,266.91008,0.00000,200,1,0,0,0,0.00000,0.00000,0.00000,,0,0,0,0
2020-01-24,386.00851,119.09843,266.91008,0.00000,202,2,0,0,0,0.00000,0.00000,0.00000,,0,0,0,0
2020-01-25,386.00851,119.09843,266.91008,0.00000,202,0,0,0,0,0.00000,0.00000,0.00000,,0,0,0,0
2020-01-26,392.48854,125.57846,266.91008,0.00000,204,2,0,0,0,0.00000,0.00000,0.00000,,0,0,0,0
2020-01-27,392.48854,125.57846,266.91008,0.00000,204,0,0,0,0,0.00000,0.00000,0.00000,,0,0,0,0
2020-01-28,401.42651,125.57846,275.84805,0.00000,205,1,0,0,0,0.00000,0.00000,0.00000,,0,0,0,0
2020-01-29,401.42651,125.57846,275.84805,0.00000,205,0,0,0,0,0.00000,0.00000,0.00000,,0,0,0,0
2020-01-30,399.00581,125.13156,273.87425,0.00000,203,0,0,1,0,0.00000,200.00000,0.00000,,0,0,0,0
2020-01-31,399.22926,125.35501,273.87425,0.00000,204,1,0,0,0,0.00000,0.00000,0.00000,,0,0,0,0
2020-02-01,402.99065,127.14260,275.84805,0.00000,205,2,0,1,0,0.00000,200.00000,0.00000,,0,0,0,0
2020-02-02,402.99065,127.14260,275.84805,0.00000,205,0,0,0,0,0.00000,0.00000,0.00000,,0,0,0,0
2020-02-03,402.54376,126.69570,275.84805,0.00000,204,0,0,1,0,0.00000,200.00000,0.00000,,0,0,0,0
2020-02-04,402.09686,126.47226,275.62460,0.00000,203,1,0,1,0,0.00000,200.00000,0.00000,,0,0,0,0
2020-02-05,402.09686,126.47226,275.62460,0.00000,203,0,0,0,0,0.00000,0.00000,0.00000,,0,0,0,0
2020-02-06,402.09686,126.47226,275.62460,0.00000,203,0,0,0,0,0.00000,0.00000,0.00000,,0,0,0,0
2020-02-07,404.07066,126.47226,277.59840,0.00000,204,1,0,0,0,0.00000,0.00000,0.00000,,0,0,0,0
2020-02-08,404.07066,126.47226,277.59840,0.00000,204,0,0,0,0,0.00000,0.00000,0.00000,,0,0,0,0
2020-02-09,404.29411,126.47226,277.82185,0.00000,204,1,0,0,0,0.00000,0.00000,0.00000,,0,0,0,0
2020-02-10,404.51756,126.69570,277.82185,0.00000,205,1,0,0,0,0.00000,0.00000,0.00000,,0,0,0,0
2020-02-11,406.49136,126.69570,279.79565,0.00000,206,1,0,0,0,0.00000,0.00000,0.00000,,0,0,0,0
2020-02-12,408.50240,129.37709,279.12531,0.00000,206,1,0,0,0,0.00000,0.00000,0.00000,,0,0,0,0
2020-02-13,408.50240,129.37709,279.12531,0.00000,206,0,0,0,0,0.00000,0.00000,0.00000,,0,0,0,0
2020-02-14,414.53553,135.41022,279.12531,0.00000,207,1,0,0,0,0.00000,0.00000,0.00000,,0,0,0,0
2020-02-15,414.53553,135.41022,279.12531,0.00000,207,0,0,0,0,0.00000,0.00000,0.00000,,0,0,0,0
2020-02-16,415.87623,136.08057,279.79565,0.00000,210,3,0,0,0,0.00000,0.00000,0.00000,,0,0,0,0
2020-02-17,417.21692,137.64472,279.57221,0.00000,210,1,0,0,0,0.00000,0.00000,0.00000,,0,0,0,0
2020-02-18,419.89831,140.32611,279.57221,0.00000,211,1,0,0,0,0.00000,0.00000,0.00000,,0,0,0,0
2020-02-19,419.89831,140.32611,279.57221,0.00000,211,0,0,0,0,0.00000,0.00000,0.00000,,0,0,0,0
2020-02-20,419.89831,140.32611,279.57221,0.00000,211,0,0,0,0,0.00000,0.00000,0.00000,,0,0,0,0
2020-02-21,421.87211,140.32611,281.54601,0.00000,212,1,0,0,0,0.00000,0.00000,0.00000,,0,0,0,0
2020-02-22,433.04457,151.49857,281.54601,0.00000,215,3,0,0,0,0.00000,0.00000,0.00000,,0,0,0,0
2020-02-23,442.20599,160.21309,281.99291,0.00000,218,3,0,0,0,0.00000,0.00000,0.00000,,0,0,0,0
2020-02-24,431.96457,151.94547,280.01910,0.00000,216,0,0,1,0,0.00000,200.00000,0.00000,,0,0,0,0
2020-02-25,436.24735,149.93442,286.31292,0.00000,218,4,0,1,0,0.00000,200.00000,0.00000,,0,0,0,0
2020-02-26,438.70529,152.16891,286.53637,0.00000,219,3,0,2,0,0.00000,400.00000,0.00000,,0,0,0,0
2020-02-27,445.40876,158.20204,287.20672,0.00000,221,2,0,0,0,0.00000,0.00000,0.00000,,0,0,0,0
2020-02-28,445.40876,158.20204,287.20672,0.00000,221,0,0,0,0,0.00000,0.00000,0.00000,,0,0,0,0
2020-02-29,443.43496,158.20204,285.23292,0.00000,220,0,0,0,0,0.00000,0.00000,0.00000,,0,0,0,0
2020-03-01,443.43496,158.20204,285.23292,0.00000,220,0,0,0,0,0.00000,0.00000,0.00000,,0,0,0,0
2020-03-02,447.90395,162.67103,285.23292,0.00000,221,1,0,0,0,0.00000,0.00000,0.00000,,0,0,0,0
2020-03-03,447.90395,162.67103,285.23292,0.00000,221,0,0,0,0,0.00000,0.00000,0.00000,,0,0,0,0
2020-03-04,445.66945,159.98964,285.67982,0.00000,221,1,0,1,0,0.00000,200.00000,0.00000,,0,0,0,0
2020-03-05,445.89290,160.21309,285.67982,0.00000,222,1,0,0,0,0.00000,0.00000,0.00000,,0,0,0,0
2020-03-06,448.35085,162.67103,285.67982,0.00000,222,1,0,1,0,0.00000,200.00000,0.00000,,0,0,0,0
2020-03-07,450.58534,165.35242,285.23292,0.00000,222,1,0,0,0,0.00000,0.00000,0.00000,,0,0,0,0
2020-03-08,450.58534,165.35242,285.23292,0.00000,222,0,0,0,0,0.00000,0.00000,0.00000,,0,0,0,0
2020-03-09,448.83499,165.57587,283.25912,0.00000,222,1,0,0,0,0.00000,0.00000,0.00000,,0,0,0,0
2020-03-10,448.16464,165.57587,282.58877,0.00000,221,0,0,0,0,0.00000,0.00000,0.00000,,0,0,0,0
2020-03-11,450.17568,167.14001,283.03567,0.00000,223,2,0,0,0,0.00000,0.00000,0.00000,,0,0,0,0
2020-03-12,450.17568,167.14001,283.03567,0.00000,223,1,0,0,0,0.00000,0.00000,0.00000,,0,0,0,0
2020-03-13,450.17568,167.14001,283.03567,0.00000,223,0,0,0,0,0.00000,0.00000,0.00000,,0,0,0,0
2020-03-14,450.17568,167.14001,283.03567,0.00000,223,1,0,0,0,0.00000,0.00000,0.00000,,0,0,0,0
2020-03-15,450.39913,167.36346,283.03567,0.00000,224,1,0,0,0,0.00000,0.00000,0.00000,,0,0,0,0
2020-03-16,450.39913,167.36346,283.03567,0.00000,224,0,0,0,0,0.00000,0.00000,0.00000,,0,0,0,0
2020-03-17,448.16464,165.12897,283.03567,0.00000,224,1,0,1,0,0.00000,200.00000,0.00000,,0,0,0,0
2020-03-18,453.97432,170.93865,283.03567,0.00000,225,2,0,1,0,0.00000,200.00000,0.00000,,0,0,0,0
2020-03-19,453.97432,170.93865,283.03567,0.00000,225,0,0,0,0,0.00000,0.00000,0.00000,,0,0,0,0
2020-03-20,464.29022,173.84349,290.44673,0.00000,228,4,0,0,0,0.00000,0.00000,0.00000,,0,0,0,0
2020-03-21,466.74816,176.30143,290.44673,0.00000,228,1,0,1,0,0.00000,200.00000,0.00000,,0,0,0,0
2020-03-22,467.86541,176.74833,291.11708,0.00000,231,3,0,0,0,0.00000,0.00000,0.00000,,0,0,0,0
2020-03-23,472.33439,181.21731,291.11708,0.00000,232,1,0,0,0,0.00000,0.00000,0.00000,,0,0,0,0
2020-03-24,481.30960,183.89870,297.41090,0.00000,233,2,0,0,0,0.00000,0.00000,0.00000,,0,0,0,0
2020-03-25,481.53305,184.12215,297.41090,0.00000,234,1,0,0,0,0.00000,0.00000,0.00000,,0,0,0,0
2020-03-26,481.53305,184.12215,297.41090,0.00000,234,0,0,0,0,0.00000,0.00000,0.00000,,0,0,0,0
2020-03-27,482.20340,184.12215,298.08125,0.00000,235,1,0,0,0,0.00000,0.00000,0.00000,,0,0,0,0
2020-03-28,482.20340,184.12215,298.08125,0.00000,235,0,0,0,0,0.00000,0.00000,0.00000,,0,0,0,0
2020-03-29,482.20340,184.12215,298.08125,0.00000,235,0,0,0,0,0.00000,0.00000,0.00000,,0,0,0,0
2020-03-30,486.85859,186.80354,300.05505,0.00000,237,2,0,0,0,0.00000,0.00000,0.00000,,0,0,0,0
2020-03-31,489.31653,189.26148,300.05505,0.00000,237,1,0,1,0,0.00000,200.00000,0.00000,,0,0,0,0
2020-04-01,489.31653,189.26148,300.05505,0.00000,237,0,0,0,0,0.00000,0.00000,0.00000,,0,0,0,0
2020-04-02,491.99793,191.94287,300.05505,0.00000,238,1,0,0,0,0.00000,0.00000,0.00000,,0,0,0,0
2020-04-03,494.23242,193.50702,300.72540,0.00000,240,2,0,0,0,0.00000,0.00000,0.00000,,0,0,0,0
2020-04-04,500.71244,199.54015,301.17230,0.00000,242,2,0,0,0,0.00000,0.00000,0.00000,,0,0,0,0
2020-04-05,500.71244,199.54015,301.17230,0.00000,242,0,0,0,0,0.00000,0.00000,0.00000,,0,0,0,0
2020-04-06,500.93589,200.43394,300.50195,0.00000,244,3,0,0,0,0.00000,0.00000,0.00000,,0,0,0,0
2020-04-07,503.39383,202.89189,300.50195,0.00000,244,1,0,1,0,0.00000,200.00000,0.00000,,0,0,0,0
2020-04-08,509.42696,208.92501,300.50195,0.00000,245,1,0,0,0,0.00000,0.00000,0.00000,,0,0,0,0
2020-04-09,509.42696,208.92501,300.50195,0.00000,245,0,0,0,0,0.00000,0.00000,0.00000,,0,0,0,0
2020-04-10,512.33180,211.82985,300.50195,0.00000,247,3,0,0,0,0.00000,0.00000,0.00000,,0,0,0,0
2020-04-11,512.33180,211.82985,300.50195,0.00000,247,0,0,0,0,0.00000,0.00000,0.00000,,0,0,0,0
2020-04-12,520.59942,220.09748,300.50195,0.00000,248,1,0,0,0,0.00000,0.00000,0.00000,,0,0,0,0
2020-04-13,520.82287,220.32092,300.50195,0.00000,248,1,0,1,0,0.00000,200.00000,0.00000,,0,0,0,0
2020-04-14,520.82287,220.32092,300.50195,0.00000,248,0,0,0,0,0.00000,0.00000,0.00000,,0,0,0,0
2020-04-15,521.26977,220.32092,300.94885,0.00000,249,2,0,0,0,0.00000,0.00000,0.00000,,0,0,0,0
2020-04-16,524.39806,223.00232,301.39575,0.00000,251,2,0,0,0,0.00000,0.00000,0.00000,,0,0,0,0
2020-04-17,524.39806,223.00232,301.39575,0.00000,251,0,0,0,0,0.00000,0.00000,0.00000,,0,0,0,0
2020-04-18,535.30983,223.00232,312.30752,0.00000,253,2,0,0,0,0.00000,0.00000,0.00000,,0,0,0,0
2020-04-19,537.28363,223.00232,314.28132,0.00000,254,2,0,0,0,0.00000,0.00000,0.00000,,0,0,0,0
2020-04-20,537.28363,223.00232,314.28132,0.00000,254,0,0,0,0,0.00000,0.00000,0.00000,,0,0,0,0
2020-04-21,537.28363,223.00232,314.28132,0.00000,254,0,0,0,0,0.00000,0.00000,0.00000,,0,0,0,0
2020-04-22,539.74157,225.46026,314.28132,0.00000,254,1,0,1,0,0.00000,200.00000,0.00000,,0,0,0,0
2020-04-23,542.42296,228.14165,314.28132,0.00000,255,1,0,0,0,0.00000,0.00000,0.00000,,0,0,0,0
2020-04-24,545.10435,230.82304,314.28132,0.00000,256,1,0,0,0,0.00000,0.00000,0.00000,,0,0,0,0
2020-04-25,548.23264,242.88930,305.34335,0.00000,257,2,0,0,0,0.00000,0.00000,0.00000,,0,0,0,0
2020-04-26,548.23264,242.88930,305.34335,0.00000,257,0,0,0,0,0.00000,0.00000,0.00000,,0,0,0,0
2020-04-27,559.18166,253.83831,305.34335,0.00000,259,2,0,0,0,0.00000,0.00000,0.00000,,0,0,0,0
2020-04-28,557.20785,253.83831,303.36955,0.00000,258,0,0,0,0,0.00000,0.00000,0.00000,,0,0,0,0
2020-04-29,559.18166,253.83831,305.34335,0.00000,259,1,0,0,0,0.00000,0.00000,0.00000,,0,0,0,0
2020-04-30,559.18166,253.83831,305.34335,0.00000,259,0,0,0,0,0.00000,0.00000,0.00000,,0,0,0,0
2020-05-01,559.40510,253.61486,305.79025,0.00000,259,1,0,1,0,0.00000,200.00000,0.00000,,0,0,0,0
2020-05-02,564.99133,259.20109,305.79025,0.00000,262,3,0,0,0,0.00000,0.00000,0.00000,,0,0,0,0
2020-05-03,565.21478,258.97764,306.23714,0.00000,262,1,0,1,0,0.00000,200.00000,0.00000,,0,0,0,0
2020-05-04,565.66168,259.42454,306.23714,0.00000,264,2,0,0,0,0.00000,0.00000,0.00000,,0,0,0,0
2020-05-05,567.89617,261.65903,306.23714,0.00000,264,1,0,1,0,0.00000,200.00000,0.00000,,0,0,0,0
2020-05-06,576.16380,261.65903,314.50477,0.00000,265,1,0,0,0,0.00000,0.00000,0.00000,,0,0,0,0
2020-05-07,575.49345,261.43558,314.05787,0.00000,263,0,0,1,0,0.00000,200.00000,0.00000,,0,0,0,0
2020-05-08,578.17484,264.11697,314.05787,0.00000,264,1,0,0,0,0.00000,0.00000,0.00000,,0,0,0,0
2020-05-09,580.40933,266.35146,314.05787,0.00000,263,1,0,2,0,0.00000,400.00000,0.00000,,0,0,0,0
2020-05-10,568.78997,263.67007,305.11990,0.00000,261,0,0,1,0,0.00000,200.00000,0.00000,,0,0,0,0
2020-05-11,573.70585,268.58595,305.11990,0.00000,263,2,0,0,0,0.00000,0.00000,0.00000,,0,0,0,0
2020-05-12,573.70585,268.58595,305.11990,0.00000,263,0,0,0,0,0.00000,0.00000,0.00000,,0,0,0,0
2020-05-13,589.34730,266.79836,322.54894,0.00000,263,3,0,1,0,0.00000,200.00000,0.00000,,0,0,0,0
2020-05-14,579.96243,266.79836,313.16407,0.00000,261,0,0,0,0,0.00000,0.00000,0.00000,,0,0,0,0
2020-05-15,579.96243,266.79836,313.16407,0.00000,261,0,0,0,0,0.00000,0.00000,0.00000,,0,0,0,0
2020-05-16,582.64382,269.47975,313.16407,0.00000,262,1,0,0,0,0.00000,0.00000,0.00000,,0,0,0,0
2020-05-17,583.79831,272.60804,311.19027,0.00000,263,3,0,1,0,0.00000,200.00000,0.00000,,0,0,0,0
2020-05-18,583.57486,272.38459,311.19027,0.00000,262,0,0,1,0,0.00000,200.00000,0.00000,,0,0,0,0
2020-05-19,584.02176,272.83149,311.19027,0.00000,264,2,0,0,0,0.00000,0.00000,0.00000,,0,0,0,0
2020-05-20,579.32933,268.13906,311.19027,0.00000,262,0,0,2,0,0.00000,400.00000,0.00000,,0,0,0,0
2020-05-21,578.88243,267.69216,311.19027,0.00000,261,0,0,1,0,0.00000,200.00000,0.00000,,0,0,0,0
2020-05-22,578.88243,267.69216,311.19027,0.00000,261,0,0,0,0,0.00000,0.00000,0.00000,,0,0,0,0
2020-05-23,579.32933,267.69216,311.63717,0.00000,262,1,0,0,0,0.00000,0.00000,0.00000,,0,0,0,0
2020-05-24,579.10588,267.69216,311.41372,0.00000,261,0,0,0,0,0.00000,0.00000,0.00000,,0,0,0,0
2020-05-25,577.98863,266.35146,311.63717,0.00000,262,3,0,2,0,0.00000,400.00000,0.00000,,0,0,0,0
2020-05-26,580.22312,268.58595,311.63717,0.00000,262,1,0,1,0,0.00000,200.00000,0.00000,,0,0,0,0
2020-05-27,581.97347,268.36251,313.61097,0.00000,262,1,0,1,0,0.00000,200.00000,0.00000,,0,0,0,0
2020-05-28,582.19692,268.36251,313.83442,0.00000,262,1,0,0,0,0.00000,0.00000,0.00000,,0,0,0,0
2020-05-29,580.44657,268.36251,312.08407,0.00000,262,1,0,0,0,0.00000,0.00000,0.00000,,0,0,0,0
2020-05-30,580.44657,268.36251,312.08407,0.00000,262,0,0,0,0,0.00000,0.00000,0.00000,,0,0,0,0
2020-05-31,579.99967,267.91561,312.08407,0.00000,260,0,0,2,0,0.00000,400.00000,0.00000,,0,0,0,0
2020-06-01,579.99967,267.91561,312.08407,0.00000,260,0,0,0,0,0.00000,0.00000,0.00000,,0,0,0,0
2020-06-02,579.99967,267.91561,312.08407,0.00000,260,0,0,0,0,0.00000,0.00000,0.00000,,0,0,0,0
2020-06-03,579.77622,267.91561,311.86062,0.00000,259,0,0,0,0,0.00000,0.00000,0.00000,,0,0,0,0
2020-06-04,579.36657,269.47975,309.88682,0.00000,259,1,0,0,0,0.00000,0.00000,0.00000,,0,0,0,0
2020-06-05,582.27141,272.38459,309.88682,0.00000,261,2,0,0,0,0.00000,0.00000,0.00000,,0,0,0,0
2020-06-06,582.27141,272.38459,309.88682,0.00000,261,0,0,0,0,0.00000,0.00000,0.00000,,0,0,0,0
2020-06-07,582.49486,272.60804,309.88682,0.00000,262,1,0,0,0,0.00000,0.00000,0.00000,,0,0,0,0
2020-06-08,605.99427,289.14328,316.85098,0.00000,265,4,0,0,0,0.00000,0.00000,0.00000,,0,0,0,0
2020-06-09,616.71983,299.86884,316.85098,0.00000,266,2,0,1,0,0.00000,200.00000,0.00000,,0,0,0,0
2020-06-10,638.84130,304.33783,334.50347,0.00000,269,4,0,0,0,0.00000,0.00000,0.00000,,0,0,0,0
2020-06-11,638.84130,304.33783,334.50347,0.00000,269,1,0,1,0,0.00000,200.00000,0.00000,,0,0,0,0
2020-06-12,638.84130,304.33783,334.50347,0.00000,269,0,0,0,0,0.00000,0.00000,0.00000,,0,0,0,0
2020-06-13,639.77234,307.01922,332.75312,0.00000,270,2,0,0,0,0.00000,0.00000,0.00000,,0,0,0,0
2020-06-14,642.45373,309.70061,332.75312,0.00000,271,1,0,0,0,0.00000,0.00000,0.00000,,0,0,0,0
2020-06-15,642.00683,309.70061,332.30622,0.00000,270,0,0,0,0,0.00000,0.00000,0.00000,,0,0,0,0
2020-06-16,644.24132,311.26475,332.97657,0.00000,272,2,0,0,0,0.00000,0.00000,0.00000,,0,0,0,0
2020-06-17,654.96688,322.66066,332.30622,0.00000,275,4,0,0,0,0.00000,0.00000,0.00000,,0,0,0,0
2020-06-18,676.60422,334.05657,342.54764,0.00000,280,6,0,1,0,0.00000,200.00000,0.00000,,0,0,0,0
2020-06-19,676.82767,334.28002,342.54764,0.00000,281,1,0,0,0,0.00000,0.00000,0.00000,,0,0,0,0
2020-06-20,684.16425,339.64280,344.52144,0.00000,284,3,0,0,0,0.00000,0.00000,0.00000,,0,0,0,0
2020-06-21,692.61808,346.12283,346.49525,0.00000,288,4,0,0,0,0.00000,0.00000,0.00000,,0,0,0,0
2020-06-22,697.27327,348.80422,348.46905,0.00000,290,2,0,0,0,0.00000,0.00000,0.00000,,0,0,0,0
2020-06-23,697.27327,348.80422,348.46905,0.00000,290,0,0,0,0,0.00000,0.00000,0.00000,,0,0,0,0
2020-06-24,699.95466,351.48561,348.46905,0.00000,291,1,0,0,0,0.00000,0.00000,0.00000,,0,0,0,0
2020-06-25,697.72017,348.58077,349.13939,0.00000,290,1,0,2,0,0.00000,400.00000,0.00000,,0,0,0,0
2020-06-26,701.96570,352.82631,349.13939,0.00000,292,2,0,0,0,0.00000,0.00000,0.00000,,0,0,0,0
2020-06-27,701.96570,352.82631,349.13939,0.00000,292,0,0,0,0,0.00000,0.00000,0.00000,,0,0,0,0
2020-06-28,702.18915,352.60286,349.58629,0.00000,292,1,0,1,0,0.00000,200.00000,0.00000,,0,0,0,0
2020-06-29,702.18915,352.60286,349.58629,0.00000,292,0,0,0,0,0.00000,0.00000,0.00000,,0,0,0,0
2020-06-30,702.18915,352.60286,349.58629,0.00000,292,0,0,0,0,0.00000,0.00000,0.00000,,0,0,0,0
2020-07-01,704.20019,355.06080,349.13939,0.00000,291,1,0,1,0,0.00000,200.00000,0.00000,,0,0,0,0
2020-07-02,704.20019,355.06080,349.13939,0.00000,291,1,0,0,0,0.00000,0.00000,0.00000,,0,0,0,0
2020-07-03,703.97675,354.83735,349.13939,0.00000,290,0,0,1,0,0.00000,200.00000,0.00000,,0,0,0,0
2020-07-04,707.32848,357.51874,349.80974,0.00000,292,2,0,0,0,0.00000,0.00000,0.00000,,0,0,0,0
2020-07-05,709.52573,357.74219,351.78354,0.00000,294,2,0,0,0,0.00000,0.00000,0.00000,,0,0,0,0
2020-07-06,711.49954,357.74219,353.75734,0.00000,295,1,0,0,0,0.00000,0.00000,0.00000,,0,0,0,0
2020-07-07,714.18093,360.42358,353.75734,0.00000,296,1,0,0,0,0.00000,0.00000,0.00000,,0,0,0,0
2020-07-08,711.98368,360.20013,351.78354,0.00000,294,0,0,1,0,0.00000,200.00000,0.00000,,0,0,0,0
2020-07-09,712.43057,360.20013,352.23044,0.00000,295,1,0,0,0,0.00000,0.00000,0.00000,,0,0,0,0
2020-07-10,712.43057,360.20013,352.23044,0.00000,295,0,0,0,0,0.00000,0.00000,0.00000,,0,0,0,0
2020-07-11,720.69819,360.20013,360.49806,0.00000,296,1,0,0,0,0.00000,0.00000,0.00000,,0,0,0,0
2020-07-12,720.69819,360.20013,360.49806,0.00000,296,0,0,0,0,0.00000,0.00000,0.00000,,0,0,0,0
2020-07-13,720.69819,360.20013,360.49806,0.00000,296,0,0,0,0,0.00000,0.00000,0.00000,,0,0,0,0
2020-07-14,723.15614,362.65807,360.49806,0.00000,296,2,0,2,0,0.00000,400.00000,0.00000,,0,0,0,0
2020-07-15,723.82648,362.65807,361.16841,0.00000,297,1,0,0,0,0.00000,0.00000,0.00000,,0,0,0,0
2020-07-16,723.82648,362.65807,361.16841,0.00000,297,0,0,0,0,0.00000,0.00000,0.00000,,0,0,0,0
2020-07-17,723.82648,362.65807,361.16841,0.00000,297,0,0,0,0,0.00000,0.00000,0.00000,,0,0,0,0
2020-07-18,723.82648,362.65807,361.16841,0.00000,297,0,0,0,0,0.00000,0.00000,0.00000,,0,0,0,0
2020-07-19,723.82648,362.65807,361.16841,0.00000,297,0,0,0,0,0.00000,0.00000,0.00000,,0,0,0,0
2020-07-20,722.29958,362.43462,359.86496,0.00000,296,1,0,1,0,0.00000,200.00000,0.00000,,0,0,0,0
2020-07-21,718.72439,367.79741,350.92699,0.00000,297,2,0,0,0,0.00000,0.00000,0.00000,,0,0,0,0
2020-07-22,724.08717,373.16019,350.92699,0.00000,299,2,0,0,0,0.00000,0.00000,0.00000,,0,0,0,0
2020-07-23,726.99201,376.06503,350.92699,0.00000,301,2,0,0,0,0.00000,0.00000,0.00000,,0,0,0,0
2020-07-24,728.33271,377.40572,350.92699,0.00000,300,1,0,2,0,0.00000,400.00000,0.00000,,0,0,0,0
2020-07-25,720.06509,377.40572,342.65937,0.00000,299,0,0,0,0,0.00000,0.00000,0.00000,,0,0,0,0
2020-07-26,719.39474,377.40572,341.98902,0.00000,298,0,0,0,0,0.00000,0.00000,0.00000,,0,0,0,0
2020-07-27,719.39474,377.40572,341.98902,0.00000,298,0,0,0,0,0.00000,0.00000,0.00000,,0,0,0,0
2020-07-28,724.53407,381.42781,343.10627,0.00000,300,3,0,1,0,0.00000,200.00000,0.00000,,0,0,0,0
2020-07-29,732.80169,381.42781,351.37389,0.00000,301,1,0,0,0,0.00000,0.00000,0.00000,,0,0,0,0
2020-07-30,732.80169,381.42781,351.37389,0.00000,301,0,0,0,0,0.00000,0.00000,0.00000,,0,0,0,0
2020-07-31,735.48308,384.10920,351.37389,0.00000,302,1,0,0,0,0.00000,0.00000,0.00000,,0,0,0,0
2020-08-01,737.04723,385.67334,351.37389,0.00000,303,1,0,0,0,0.00000,0.00000,0.00000,,0,0,0,0
2020-08-02,745.98520,385.67334,360.31185,0.00000,304,1,0,0,0,0.00000,0.00000,0.00000,,0,0,0,0
2020-08-03,746.20865,385.89679,360.31185,0.00000,305,1,0,0,0,0.00000,0.00000,0.00000,,0,0,0,0
2020-08-04,745.98520,385.67334,360.31185,0.00000,304,0,0,1,0,0.00000,200.00000,0.00000,,0,0,0,0
2020-08-05,737.71758,385.67334,352.04423,0.00000,303,0,0,0,0,0.00000,0.00000,0.00000,,0,0,0,0
2020-08-06,737.94103,385.89679,352.04423,0.00000,304,1,0,0,0,0.00000,0.00000,0.00000,,0,0,0,0
2020-08-07,737.94103,385.89679,352.04423,0.00000,304,0,0,0,0,0.00000,0.00000,0.00000,,0,0,0,0
2020-08-08,746.87899,385.89679,360.98220,0.00000,305,1,0,0,0,0.00000,0.00000,0.00000,,0,0,0,0
2020-08-09,746.87899,385.89679,360.98220,0.00000,305,0,0,0,0,0.00000,0.00000,0.00000,,0,0,0,0
2020-08-10,746.87899,385.89679,360.98220,0.00000,305,0,0,0,0,0.00000,0.00000,0.00000,,0,0,0,0
2020-08-11,747.10244,385.89679,361.20565,0.00000,306,1,0,0,0,0.00000,0.00000,0.00000,,0,0,0,0
2020-08-12,738.87206,388.57818,350.29388,0.00000,305,1,0,0,0,0.00000,0.00000,0.00000,,0,0,0,0
2020-08-13,743.97415,391.25957,352.71458,0.00000,308,3,0,0,0,0.00000,0.00000,0.00000,,0,0,0,0
2020-08-14,746.43210,393.71751,352.71458,0.00000,308,1,0,1,0,0.00000,200.00000,0.00000,,0,0,0,0
2020-08-15,754.96041,404.21963,350.74078,0.00000,309,2,0,0,0,0.00000,0.00000,0.00000,,0,0,0,0
2020-08-16,757.19490,406.45412,350.74078,0.00000,309,1,0,1,0,0.00000,200.00000,0.00000,,0,0,0,0
2020-08-17,756.97145,406.23067,350.74078,0.00000,308,0,0,1,0,0.00000,200.00000,0.00000,,0,0,0,0
2020-08-18,756.97145,406.23067,350.74078,0.00000,308,0,0,0,0,0.00000,0.00000,0.00000,,0,0,0,0
2020-08-19,764.34527,405.33687,359.00840,0.00000,307,1,0,2,0,0.00000,400.00000,0.00000,,0,0,0,0
2020-08-20,766.84046,409.80586,357.03460,0.00000,307,1,0,0,0,0.00000,0.00000,0.00000,,0,0,0,0
2020-08-21,766.84046,409.80586,357.03460,0.00000,307,0,0,0,0,0.00000,0.00000,0.00000,,0,0,0,0
2020-08-22,758.57284,409.80586,348.76698,0.00000,306,0,0,0,0,0.00000,0.00000,0.00000,,0,0,0,0
2020-08-23,761.92457,413.15760,348.76698,0.00000,309,3,0,0,0,0.00000,0.00000,0.00000,,0,0,0,0
2020-08-24,759.95077,413.15760,346.79318,0.00000,308,0,0,0,0,0.00000,0.00000,0.00000,,0,0,0,0
2020-08-25,759.95077,413.15760,346.79318,0.00000,308,0,0,0,0,0.00000,0.00000,0.00000,,0,0,0,0
2020-08-26,760.62112,413.15760,347.46352,0.00000,309,1,0,0,0,0.00000,0.00000,0.00000,,0,0,0,0
2020-08-27,760.62112,413.15760,347.46352,0.00000,309,0,0,0,0,0.00000,0.00000,0.00000,,0,0,0,0
2020-08-28,766.91494,421.42522,345.48972,0.00000,309,1,0,0,0,0.00000,0.00000,0.00000,,0,0,0,0
2020-08-29,766.69149,421.20177,345.48972,0.00000,308,0,0,1,0,0.00000,200.00000,0.00000,,0,0,0,0
2020-08-30,768.66529,421.20177,347.46352,0.00000,309,1,0,0,0,0.00000,0.00000,0.00000,,0,0,0,0
2020-08-31,771.79358,423.88316,347.91042,0.00000,310,2,0,0,0,0.00000,0.00000,0.00000,,0,0,0,0
2020-09-01,779.83775,431.92733,347.91042,0.00000,313,3,0,0,0,0.00000,0.00000,0.00000,,0,0,0,0
2020-09-02,779.83775,431.92733,347.91042,0.00000,313,0,0,0,0,0.00000,0.00000,0.00000,,0,0,0,0
2020-09-03,780.28465,440.64185,339.64280,0.00000,314,2,0,0,0,0.00000,0.00000,0.00000,,0,0,0,0
2020-09-04,788.77572,449.13292,339.64280,0.00000,315,3,0,1,0,0.00000,200.00000,0.00000,,0,0,0,0
2020-09-05,791.45711,451.81431,339.64280,0.00000,316,2,0,1,0,0.00000,200.00000,0.00000,,0,0,0,0
2020-09-06,791.23366,451.59086,339.64280,0.00000,315,0,0,1,0,0.00000,200.00000,0.00000,,0,0,0,0
2020-09-07,791.23366,451.59086,339.64280,0.00000,315,0,0,0,0,0.00000,0.00000,0.00000,,0,0,0,0
2020-09-08,793.69160,454.04880,339.64280,0.00000,315,1,0,1,0,0.00000,200.00000,0.00000,,0,0,0,0
2020-09-09,793.69160,454.04880,339.64280,0.00000,315,0,0,0,0,0.00000,0.00000,0.00000,,0,0,0,0
2020-09-10,795.66541,454.04880,341.61660,0.00000,316,1,0,0,0,0.00000,0.00000,0.00000,,0,0,0,0
2020-09-11,794.99506,454.04880,340.94626,0.00000,315,0,0,0,0,0.00000,0.00000,0.00000,,0,0,0,0
2020-09-12,794.99506,454.04880,340.94626,0.00000,315,0,0,0,0,0.00000,0.00000,0.00000,,0,0,0,0
2020-09-13,778.45982,454.04880,324.41101,0.00000,313,0,0,0,0,0.00000,0.00000,0.00000,,0,0,0,0
2020-09-14,787.39778,454.04880,333.34898,0.00000,314,1,0,0,0,0.00000,0.00000,0.00000,,0,0,0,0
2020-09-15,790.07918,456.73019,333.34898,0.00000,315,1,0,0,0,0.00000,0.00000,0.00000,,0,0,0,0
2020-09-16,794.73437,459.41158,335.32278,0.00000,317,2,0,0,0,0.00000,0.00000,0.00000,,0,0,0,0
2020-09-17,795.18127,459.63503,335.54623,0.00000,319,2,0,0,0,0.00000,0.00000,0.00000,,0,0,0,0
2020-09-18,804.04475,464.10402,339.94073,0.00000,323,4,0,0,0,0.00000,0.00000,0.00000,,0,0,0,0
2020-09-19,803.82130,463.88057,339.94073,0.00000,322,0,0,1,0,0.00000,200.00000,0.00000,,0,0,0,0
2020-09-20,801.40060,463.43367,337.96693,0.00000,320,0,0,1,0,0.00000,200.00000,0.00000,,0,0,0,0
2020-09-21,802.74130,464.77436,337.96693,0.00000,320,1,0,1,0,0.00000,200.00000,0.00000,,0,0,0,0
2020-09-22,815.70135,469.24335,346.45800,0.00000,322,3,0,0,0,0.00000,0.00000,0.00000,,0,0,0,0
2020-09-23,815.70135,469.24335,346.45800,0.00000,322,0,0,0,0,0.00000,0.00000,0.00000,,0,0,0,0
2020-09-24,806.98683,469.46680,337.52003,0.00000,322,1,0,0,0,0.00000,0.00000,0.00000,,0,0,0,0
2020-09-25,806.98683,469.46680,337.52003,0.00000,322,0,0,0,0,0.00000,0.00000,0.00000,,0,0,0,0
2020-09-26,809.66822,472.14819,337.52003,0.00000,323,1,0,0,0,0.00000,0.00000,0.00000,,0,0,0,0
2020-09-27,806.76338,469.24335,337.52003,0.00000,321,0,0,2,0,0.00000,400.00000,0.00000,,0,0,0,0
2020-09-28,798.49576,469.24335,329.25241,0.00000,320,0,0,0,0,0.00000,0.00000,0.00000,,0,0,0,0
2020-09-29,801.62405,472.37164,329.25241,0.00000,322,2,0,0,0,0.00000,0.00000,0.00000,,0,0,0,0
2020-09-30,801.62405,472.37164,329.25241,0.00000,322,0,0,0,0,0.00000,0.00000,0.00000,,0,0,0,0
2020-10-01,804.30544,475.05303,329.25241,0.00000,323,1,0,0,0,0.00000,0.00000,0.00000,,0,0,0,0
2020-10-02,809.44477,479.74546,329.69931,0.00000,326,3,0,0,0,0.00000,0.00000,0.00000,,0,0,0,0
2020-10-03,809.44477,479.74546,329.69931,0.00000,326,0,0,0,0,0.00000,0.00000,0.00000,,0,0,0,0
2020-10-04,811.41857,479.74546,331.67311,0.00000,327,1,0,0,0,0.00000,0.00000,0.00000,,0,0,0,0
2020-10-05,818.08481,484.43790,333.64691,0.00000,330,3,0,0,0,0.00000,0.00000,0.00000,,0,0,0,0
2020-10-06,818.08481,484.43790,333.64691,0.00000,330,0,0,0,0,0.00000,0.00000,0.00000,,0,0,0,0
2020-10-07,816.81860,487.11929,329.69931,0.00000,329,1,0,0,0,0.00000,0.00000,0.00000,,0,0,0,0
2020-10-08,823.96897,494.26966,329.69931,0.00000,331,2,0,0,0,0.00000,0.00000,0.00000,,0,0,0,0
2020-10-09,827.09726,497.39795,329.69931,0.00000,333,2,0,0,0,0.00000,0.00000,0.00000,,0,0,0,0
2020-10-10,826.65036,497.39795,329.25241,0.00000,332,0,0,0,0,0.00000,0.00000,0.00000,,0,0,0,0
2020-10-11,831.56625,502.53728,329.02896,0.00000,332,2,0,1,0,0.00000,200.00000,0.00000,,0,0,0,0
2020-10-12,836.92903,507.90006,329.02896,0.00000,334,2,0,0,0,0.00000,0.00000,0.00000,,0,0,0,0
2020-10-13,827.99106,507.90006,320.09100,0.00000,333,0,0,0,0,0.00000,0.00000,0.00000,,0,0,0,0
2020-10-14,836.92903,507.90006,329.02896,0.00000,334,1,0,0,0,0.00000,0.00000,0.00000,,0,0,0,0
2020-10-15,834.69453,505.21867,329.47586,0.00000,334,1,0,1,0,0.00000,200.00000,0.00000,,0,0,0,0
2020-10-16,837.37593,507.90006,329.47586,0.00000,335,1,0,0,0,0.00000,0.00000,0.00000,,0,0,0,0
2020-10-17,838.04627,509.24076,328.80552,0.00000,334,1,0,1,0,0.00000,200.00000,0.00000,,0,0,0,0
2020-10-18,840.72766,511.92215,328.80552,0.00000,335,1,0,0,0,0.00000,0.00000,0.00000,,0,0,0,0
2020-10-19,840.95111,512.14560,328.80552,0.00000,336,1,0,0,0,0.00000,0.00000,0.00000,,0,0,0,0
2020-10-20,837.00351,512.14560,324.85791,0.00000,334,0,0,0,0,0.00000,0.00000,0.00000,,0,0,0,0
2020-10-21,837.00351,512.14560,324.85791,0.00000,334,0,0,0,0,0.00000,0.00000,0.00000,,0,0,0,0
2020-10-22,837.00351,512.14560,324.85791,0.00000,334,0,0,0,0,0.00000,0.00000,0.00000,,0,0,0,0
2020-10-23,837.22696,512.36905,324.85791,0.00000,335,1,0,0,0,0.00000,0.00000,0.00000,,0,0,0,0
2020-10-24,837.22696,512.36905,324.85791,0.00000,335,1,0,1,0,0.00000,200.00000,0.00000,,0,0,0,0
2020-10-25,837.22696,512.36905,324.85791,0.00000,335,0,0,0,0,0.00000,0.00000,0.00000,,0,0,0,0
2020-10-26,837.67386,512.36905,325.30481,0.00000,336,1,0,0,0,0.00000,0.00000,0.00000,,0,0,0,0
2020-10-27,837.67386,512.36905,325.30481,0.00000,336,0,0,0,0,0.00000,0.00000,0.00000,,0,0,0,0
2020-10-28,837.67386,512.36905,325.30481,0.00000,336,0,0,0,0,0.00000,0.00000,0.00000,,0,0,0,0
2020-10-29,842.55250,515.27389,327.27861,0.00000,339,3,0,0,0,0.00000,0.00000,0.00000,,0,0,0,0
2020-10-30,834.28488,515.27389,319.01099,0.00000,338,0,0,0,0,0.00000,0.00000,0.00000,,0,0,0,0
2020-10-31,834.06143,515.05044,319.01099,0.00000,337,0,0,1,0,0.00000,200.00000,0.00000,,0,0,0,0
2020-11-01,836.74282,517.73183,319.01099,0.00000,338,1,0,0,0,0.00000,0.00000,0.00000,,0,0,0,0
2020-11-02,839.42421,520.41322,319.01099,0.00000,339,1,0,0,0,0.00000,0.00000,0.00000,,0,0,0,0
2020-11-03,841.39801,520.41322,320.98479,0.00000,340,1,0,0,0,0.00000,0.00000,0.00000,,0,0,0,0
2020-11-04,841.39801,520.41322,320.98479,0.00000,340,0,0,0,0,0.00000,0.00000,0.00000,,0,0,0,0
2020-11-05,841.39801,520.41322,320.98479,0.00000,340,0,0,0,0,0.00000,0.00000,0.00000,,0,0,0,0
2020-11-06,844.07940,523.09461,320.98479,0.00000,341,1,0,0,0,0.00000,0.00000,0.00000,,0,0,0,0
2020-11-07,844.07940,523.09461,320.98479,0.00000,341,0,0,0,0,0.00000,0.00000,0.00000,,0,0,0,0
2020-11-08,843.85595,522.87116,320.98479,0.00000,340,0,0,1,0,0.00000,200.00000,0.00000,,0,0,0,0
2020-11-09,846.53734,525.55255,320.98479,0.00000,341,1,0,0,0,0.00000,0.00000,0.00000,,0,0,0,0
2020-11-10,846.76079,525.77600,320.98479,0.00000,342,1,0,0,0,0.00000,0.00000,0.00000,,0,0,0,0
2020-11-11,846.76079,525.77600,320.98479,0.00000,342,0,0,0,0,0.00000,0.00000,0.00000,,0,0,0,0
2020-11-12,847.02148,528.45739,318.56409,0.00000,341,1,0,0,0,0.00000,0.00000,0.00000,,0,0,0,0
2020-11-13,839.64766,530.02153,309.62612,0.00000,341,1,0,0,0,0.00000,0.00000,0.00000,,0,0,0,0
2020-11-14,839.64766,530.02153,309.62612,0.00000,341,0,0,0,0,0.00000,0.00000,0.00000,,0,0,0,0
2020-11-15,839.20076,530.02153,309.17923,0.00000,340,0,0,0,0,0.00000,0.00000,0.00000,,0,0,0,0
2020-11-16,841.43525,532.25603,309.17923,0.00000,340,1,0,1,0,0.00000,200.00000,0.00000,,0,0,0,0
2020-11-17,843.22285,534.04362,309.17923,0.00000,342,2,0,0,0,0.00000,0.00000,0.00000,,0,0,0,0
2020-11-18,843.22285,534.04362,309.17923,0.00000,342,0,0,0,0,0.00000,0.00000,0.00000,,0,0,0,0
2020-11-19,848.58563,539.40640,309.17923,0.00000,344,3,0,0,0,0.00000,0.00000,0.00000,,0,0,0,0
2020-11-20,848.58563,539.40640,309.17923,0.00000,344,0,0,0,0,0.00000,0.00000,0.00000,,0,0,0,0
2020-11-21,846.61183,539.40640,307.20542,0.00000,343,0,0,0,0,0.00000,0.00000,0.00000,,0,0,0,0
2020-11-22,852.64495,535.83121,316.81374,0.00000,345,4,0,2,0,0.00000,400.00000,0.00000,,0,0,0,0
2020-11-23,863.59397,546.78023,316.81374,0.00000,347,2,0,0,0,0.00000,0.00000,0.00000,,0,0,0,0
2020-11-24,863.59397,546.78023,316.81374,0.00000,347,0,0,0,0,0.00000,0.00000,0.00000,,0,0,0,0
2020-11-25,866.27536,549.46162,316.81374,0.00000,348,1,0,0,0,0.00000,0.00000,0.00000,,0,0,0,0
2020-11-26,866.05191,549.23817,316.81374,0.00000,347,0,0,1,0,0.00000,200.00000,0.00000,,0,0,0,0
2020-11-27,869.44089,554.60095,314.83994,0.00000,348,3,0,1,0,0.00000,200.00000,0.00000,,0,0,0,0
2020-11-28,869.44089,554.60095,314.83994,0.00000,348,0,0,0,0,0.00000,0.00000,0.00000,,0,0,0,0
2020-11-29,871.22848,556.38854,314.83994,0.00000,350,2,0,0,0,0.00000,0.00000,0.00000,,0,0,0,0
2020-11-30,878.82575,564.43271,314.39304,0.00000,349,1,0,1,0,0.00000,200.00000,0.00000,,0,0,0,0
2020-12-01,879.04920,564.65616,314.39304,0.00000,350,1,0,0,0,0.00000,0.00000,0.00000,,0,0,0,0
2020-12-02,878.82575,564.43271,314.39304,0.00000,349,0,0,1,0,0.00000,200.00000,0.00000,,0,0,0,0
2020-12-03,884.85888,570.46584,314.39304,0.00000,351,2,0,0,0,0.00000,0.00000,0.00000,,0,0,0,0
2020-12-04,889.77477,574.93483,314.83994,0.00000,353,2,0,0,0,0.00000,0.00000,0.00000,,0,0,0,0
2020-12-05,889.32787,574.48793,314.83994,0.00000,352,0,0,1,0,0.00000,200.00000,0.00000,,0,0,0,0
2020-12-06,889.32787,574.48793,314.83994,0.00000,352,0,0,0,0,0.00000,0.00000,0.00000,,0,0,0,0
2020-12-07,889.55132,574.71138,314.83994,0.00000,353,1,0,0,0,0.00000,0.00000,0.00000,,0,0,0,0
2020-12-08,892.23271,577.39277,314.83994,0.00000,354,1,0,0,0,0.00000,0.00000,0.00000,,0,0,0,0
2020-12-09,892.23271,577.39277,314.83994,0.00000,354,0,0,0,0,0.00000,0.00000,0.00000,,0,0,0,0
2020-12-10,891.82305,578.95691,312.86614,0.00000,354,1,0,0,0,0.00000,0.00000,0.00000,,0,0,0,0
2020-12-11,890.29615,579.40381,310.89234,0.00000,354,1,0,0,0,0.00000,0.00000,0.00000,,0,0,0,0
2020-12-12,892.08374,581.19140,310.89234,0.00000,356,2,0,0,0,0.00000,0.00000,0.00000,,0,0,0,0
2020-12-13,891.86029,580.96796,310.89234,0.00000,355,0,0,1,0,0.00000,200.00000,0.00000,,0,0,0,0
2020-12-14,889.17890,578.28656,310.89234,0.00000,354,0,0,1,0,0.00000,200.00000,0.00000,,0,0,0,0
2020-12-15,888.50855,578.28656,310.22199,0.00000,353,0,0,0,0,0.00000,0.00000,0.00000,,0,0,0,0
2020-12-16,883.81612,582.53210,301.28402,0.00000,353,2,0,1,0,0.00000,200.00000,0.00000,,0,0,0,0
2020-12-17,883.81612,582.53210,301.28402,0.00000,353,0,0,0,0,0.00000,0.00000,0.00000,,0,0,0,0
2020-12-18,883.81612,582.53210,301.28402,0.00000,353,0,0,0,0,0.00000,0.00000,0.00000,,0,0,0,0
2020-12-19,886.49751,585.21349,301.28402,0.00000,354,1,0,0,0,0.00000,0.00000,0.00000,,0,0,0,0
2020-12-20,888.95545,587.67143,301.28402,0.00000,354,1,0,1,0,0.00000,200.00000,0.00000,,0,0,0,0
2020-12-21,888.95545,587.67143,301.28402,0.00000,354,0,0,0,0,0.00000,0.00000,0.00000,,0,0,0,0
2020-12-22,888.28510,587.44798,300.83712,0.00000,352,0,0,1,0,0.00000,200.00000,0.00000,,0,0,0,0
2020-12-23,896.32928,587.22453,309.10474,0.00000,353,2,0,1,0,0.00000,200.00000,0.00000,,0,0,0,0
2020-12-24,899.01067,589.90592,309.10474,0.00000,354,1,0,0,0,0.00000,0.00000,0.00000,,0,0,0,0
2020-12-25,898.30308,587.22453,311.07854,0.00000,354,1,0,1,0,0.00000,200.00000,0.00000,,0,0,0,0
2020-12-26,904.11276,591.69352,312.41924,0.00000,357,3,0,0,0,0.00000,0.00000,0.00000,,0,0,0,0
2020-12-27,897.40928,593.48111,303.92817,0.00000,357,2,0,0,0,0.00000,0.00000,0.00000,,0,0,0,0
2020-12-28,899.38308,593.48111,305.90197,0.00000,358,1,0,0,0,0.00000,0.00000,0.00000,,0,0,0,0
2020-12-29,898.48929,593.48111,305.00817,0.00000,356,0,0,0,0,0.00000,0.00000,0.00000,,0,0,0,0
2020-12-30,909.88520,604.87702,305.00817,0.00000,360,4,0,0,0,0.00000,0.00000,0.00000,,0,0,0,0
2020-12-31,923.55284,612.02740,311.52544,0.00000,362,4,0,0,0,0.00000,0.00000,0.00000,,0,0,0,0
2021-01-01,923.99974,612.47429,311.52544,2876.00000,363,1,0,0,39,0.00000,0.00000,2876.00000,,39,3,180,300
2021-01-02,926.68113,615.37913,311.30199,2876.00000,364,2,0,0,70,0.00000,0.00000,2876.00000,,70,3,180,360
2021-01-03,934.94875,623.64676,311.30199,2876.00000,365,1,0,0,34,0.00000,0.00000,2876.00000,,34,3,180,300
2021-01-04,932.97495,623.64676,309.32819,2876.00000,364,0,0,0,61,0.00000,0.00000,2876.00000,,61,3,180,360
2021-01-05,938.78463,629.45643,309.32819,0.00000,364,1,0,1,0,0.00000,200.00000,0.00000,,0,0,0,0
2021-01-06,933.64530,624.98745,308.65784,0.00000,362,0,0,1,0,0.00000,200.00000,0.00000,,0,0,0,0
2021-01-07,939.23153,630.57368,308.65784,0.00000,365,3,0,0,0,0.00000,0.00000,0.00000,,0,0,0,0
2021-01-08,943.92396,635.26611,308.65784,0.00000,367,2,0,0,0,0.00000,0.00000,0.00000,,0,0,0,0
2021-01-09,946.60535,637.94750,308.65784,0.00000,368,1,0,0,0,0.00000,0.00000,0.00000,,0,0,0,0
2021-01-10,948.13225,637.50061,310.63165,0.00000,368,1,0,1,0,0.00000,200.00000,0.00000,,0,0,0,0
2021-01-11,948.13225,637.50061,310.63165,0.00000,368,0,0,0,0,0.00000,0.00000,0.00000,,0,0,0,0
2021-01-12,949.65916,637.50061,312.15855,0.00000,368,1,0,0,0,0.00000,0.00000,0.00000,,0,0,0,0
2021-01-13,949.65916,637.50061,312.15855,0.00000,368,0,0,0,0,0.00000,0.00000,0.00000,,0,0,0,0
2021-01-14,949.65916,637.50061,312.15855,0.00000,368,0,0,0,0,0.00000,0.00000,0.00000,,0,0,0,0
2021-01-15,947.90880,637.72406,310.18475,0.00000,368,1,0,0,0,0.00000,0.00000,0.00000,,0,0,0,0
2021-01-16,861.65741,551.69611,309.96130,6000.00000,337,0,30,0,0,6000.00000,0.00000,0.00000,,0,0,0,0
2021-01-17,660.36691,353.27321,307.09370,11800.00000,276,1,59,0,0,11800.00000,0.00000,0.00000,,0,0,0,0
2021-01-18,566.07134,258.97764,307.09370,5400.00000,249,0,27,0,0,5400.00000,0.00000,0.00000,,0,0,0,0
2021-01-19,387.53542,80.66517,306.87025,10000.00000,198,0,50,0,0,10000.00000,0.00000,0.00000,,0,0,0,0
2021-01-20,387.31197,80.44172,306.87025,0.00000,197,0,0,1,0,0.00000,200.00000,0.00000,,0,0,0,0
2021-01-21,387.08852,80.21827,306.87025,0.00000,196,0,0,1,0,0.00000,200.00000,0.00000,,0,0,0,0
2021-01-22,406.08170,90.94383,315.13787,0.00000,198,3,0,1,0,0.00000,200.00000,0.00000,,0,0,0,0
2021-01-23,406.08170,90.94383,315.13787,0.00000,198,0,0,0,0,0.00000,0.00000,0.00000,,0,0,0,0
2021-01-24,405.63480,90.49693,315.13787,0.00000,197,0,0,1,0,0.00000,200.00000,0.00000,,0,0,0,0
2021-01-25,408.31619,93.17832,315.13787,0.00000,198,1,0,0,0,0.00000,0.00000,0.00000,,0,0,0,0
2021-01-26,405.41135,99.21145,306.19990,0.00000,198,1,0,0,0,0.00000,0.00000,0.00000,,0,0,0,0
2021-01-27,410.99759,104.79768,306.19990,0.00000,201,3,0,0,0,0.00000,0.00000,0.00000,,0,0,0,0
2021-01-28,410.99759,104.79768,306.19990,0.00000,201,0,0,0,0,0.00000,0.00000,0.00000,,0,0,0,0
2021-01-29,413.67898,107.47907,306.19990,0.00000,202,2,0,1,0,0.00000,200.00000,0.00000,,0,0,0,0
2021-01-30,419.97280,115.74669,304.22610,0.00000,202,1,0,0,0,0.00000,0.00000,0.00000,,0,0,0,0
2021-01-31,422.65419,118.42808,304.22610,0.00000,203,1,0,0,0,0.00000,0.00000,0.00000,,0,0,0,0
2021-02-01,424.21833,119.99223,304.22610,0.00000,204,1,0,0,0,0.00000,0.00000,0.00000,,0,0,0,0
2021-02-02,440.93978,126.02536,314.91442,0.00000,206,3,0,0,0,0.00000,0.00000,0.00000,,0,0,0,0
2021-02-03,446.97291,132.05849,314.91442,0.00000,207,1,0,0,0,0.00000,0.00000,0.00000,,0,0,0,0
2021-02-04,447.19636,132.05849,315.13787,0.00000,208,1,0,0,0,0.00000,0.00000,0.00000,,0,0,0,0
2021-02-05,451.25569,138.09161,313.16407,0.00000,208,1,0,0,0,0.00000,0.00000,0.00000,,0,0,0,0
2021-02-06,460.19365,138.09161,322.10204,0.00000,209,1,0,0,0,0.00000,0.00000,0.00000,,0,0,0,0
2021-02-07,464.21574,142.56060,321.65514,0.00000,209,1,0,0,0,0.00000,0.00000,0.00000,,0,0,0,0
2021-02-08,473.11647,149.48752,323.62894,0.00000,211,3,0,1,0,0.00000,200.00000,0.00000,,0,0,0,0
2021-02-09,473.82406,152.16892,321.65514,0.00000,211,1,0,0,0,0.00000,0.00000,0.00000,,0,0,0,0
2021-02-10,478.47925,154.85031,323.62894,0.00000,213,2,0,0,0,0.00000,0.00000,0.00000,,0,0,0,0
2021-02-11,478.47925,154.85031,323.62894,0.00000,213,0,0,0,0,0.00000,0.00000,0.00000,,0,0,0,0
2021-02-12,478.47925,154.85031,323.62894,0.00000,213,0,0,0,0,0.00000,0.00000,0.00000,,0,0,0,0
2021-02-13,478.47925,154.85031,323.62894,0.00000,213,0,0,0,0,0.00000,0.00000,0.00000,,0,0,0,0
2021-02-14,477.13855,154.17996,322.95859,0.00000,210,0,0,2,0,0.00000,400.00000,0.00000,,0,0,0,0
2021-02-15,477.36200,154.40341,322.95859,0.00000,211,1,0,0,0,0.00000,0.00000,0.00000,,0,0,0,0
2021-02-16,479.33580,154.40341,324.93240,0.00000,212,1,0,0,0,0.00000,0.00000,0.00000,,0,0,0,0
2021-02-17,484.21444,157.30825,326.90620,0.00000,215,3,0,0,0,0.00000,0.00000,0.00000,,0,0,0,0
2021-02-18,486.18825,157.30825,328.88000,0.00000,216,1,0,0,0,0.00000,0.00000,0.00000,,0,0,0,0
2021-02-19,487.11928,160.21309,326.90620,0.00000,217,2,0,0,0,0.00000,0.00000,0.00000,,0,0,0,0
2021-02-20,489.80067,162.67103,327.12965,0.00000,218,2,0,1,0,0.00000,200.00000,0.00000,,0,0,0,0
2021-02-21,489.35378,162.67103,326.68275,0.00000,217,1,0,1,0,0.00000,200.00000,0.00000,,0,0,0,0
2021-02-22,494.00897,165.35242,328.65655,0.00000,219,2,0,0,0,0.00000,0.00000,0.00000,,0,0,0,0
2021-02-23,487.97584,167.36346,320.61238,0.00000,217,2,0,3,0,0.00000,600.00000,0.00000,,0,0,0,0
2021-02-24,503.13314,171.83245,331.30070,0.00000,219,3,0,0,0,0.00000,0.00000,0.00000,,0,0,0,0
2021-02-25,502.46280,171.83245,330.63035,0.00000,218,0,0,0,0,0.00000,0.00000,0.00000,,0,0,0,0
2021-02-26,502.46280,171.83245,330.63035,0.00000,218,0,0,0,0,0.00000,0.00000,0.00000,,0,0,0,0
2021-02-27,502.68625,172.05590,330.63035,0.00000,219,1,0,0,0,0.00000,0.00000,0.00000,,0,0,0,0
2021-02-28,505.59109,174.96073,330.63035,0.00000,221,2,0,0,0,0.00000,0.00000,0.00000,,0,0,0,0
2021-03-01,505.59109,174.96073,330.63035,0.00000,221,0,0,0,0,0.00000,0.00000,0.00000,,0,0,0,0
2021-03-02,508.27248,177.64213,330.63035,0.00000,222,1,0,0,0,0.00000,0.00000,0.00000,,0,0,0,0
2021-03-03,507.82558,177.64213,330.18345,0.00000,221,0,0,0,0,0.00000,0.00000,0.00000,,0,0,0,0
2021-03-04,510.28352,180.10007,330.18345,0.00000,221,1,0,1,0,0.00000,200.00000,0.00000,,0,0,0,0
2021-03-05,510.28352,180.10007,330.18345,0.00000,221,0,0,0,0,0.00000,0.00000,0.00000,,0,0,0,0
2021-03-06,511.84766,181.66421,330.18345,0.00000,222,1,0,0,0,0.00000,0.00000,0.00000,,0,0,0,0
2021-03-07,511.84766,181.66421,330.18345,0.00000,222,0,0,0,0,0.00000,0.00000,0.00000,,0,0,0,0
2021-03-08,514.30560,184.12215,330.18345,0.00000,222,1,0,1,0,0.00000,200.00000,0.00000,,0,0,0,0
2021-03-09,514.30560,184.12215,330.18345,0.00000,222,0,0,0,0,0.00000,0.00000,0.00000,,0,0,0,0
2021-03-10,513.85871,184.12215,329.73655,0.00000,221,0,0,0,0,0.00000,0.00000,0.00000,,0,0,0,0
2021-03-11,505.59109,184.12215,321.46893,0.00000,220,0,0,0,0,0.00000,0.00000,0.00000,,0,0,0,0
2021-03-12,507.56489,184.12215,323.44273,0.00000,221,1,0,0,0,0.00000,0.00000,0.00000,,0,0,0,0
2021-03-13,503.09590,188.59114,314.50477,0.00000,221,1,0,0,0,0.00000,0.00000,0.00000,,0,0,0,0
2021-03-14,502.87245,188.36769,314.50477,0.00000,220,0,0,1,0,0.00000,200.00000,0.00000,,0,0,0,0
2021-03-15,508.23523,193.73047,314.50477,0.00000,222,2,0,0,0,0.00000,0.00000,0.00000,,0,0,0,0
2021-03-16,516.01872,199.54015,316.47857,0.00000,224,3,0,1,0,0.00000,200.00000,0.00000,,0,0,0,0
2021-03-17,509.98559,193.50702,316.47857,0.00000,223,1,0,2,0,0.00000,400.00000,0.00000,,0,0,0,0
2021-03-18,509.98559,193.50702,316.47857,0.00000,223,0,0,0,0,0.00000,0.00000,0.00000,,0,0,0,0
2021-03-19,500.37727,193.28357,307.09370,0.00000,220,0,0,1,0,0.00000,200.00000,0.00000,,0,0,0,0
2021-03-20,505.03246,195.96496,309.06750,0.00000,222,2,0,0,0,0.00000,0.00000,0.00000,,0,0,0,0
2021-03-21,506.82006,198.42290,308.39715,0.00000,221,2,0,2,0,0.00000,400.00000,0.00000,,0,0,0,0
2021-03-22,502.35107,193.95392,308.39715,0.00000,220,0,0,1,0,0.00000,200.00000,0.00000,,0,0,0,0
2021-03-23,504.32487,193.95392,310.37096,0.00000,221,2,0,0,0,0.00000,0.00000,0.00000,,0,0,0,0
2021-03-24,509.46421,199.09325,310.37096,0.00000,222,2,0,1,0,0.00000,200.00000,0.00000,,0,0,0,0
2021-03-25,512.14560,201.77464,310.37096,0.00000,223,1,0,0,0,0.00000,0.00000,0.00000,,0,0,0,0
2021-03-26,511.69870,201.99809,309.70061,0.00000,223,1,0,0,0,0.00000,0.00000,0.00000,,0,0,0,0
2021-03-27,517.06148,206.46707,310.59440,0.00000,226,3,0,0,0,0.00000,0.00000,0.00000,,0,0,0,0
2021-03-28,517.06148,206.46707,310.59440,0.00000,226,0,0,0,0,0.00000,0.00000,0.00000,,0,0,0,0
2021-03-29,515.08768,206.46707,308.62060,0.00000,225,0,0,0,0,0.00000,0.00000,0.00000,,0,0,0,0
2021-03-30,515.08768,206.46707,308.62060,0.00000,225,0,0,0,0,0.00000,0.00000,0.00000,,0,0,0,0
2021-03-31,515.08768,206.46707,308.62060,0.00000,225,0,0,0,0,0.00000,0.00000,0.00000,,0,0,0,0
2021-04-01,526.03669,217.41609,308.62060,0.00000,227,2,0,0,0,0.00000,0.00000,0.00000,,0,0,0,0
2021-04-02,534.30431,217.41609,316.88822,0.00000,227,1,0,0,0,0.00000,0.00000,0.00000,,0,0,0,0
2021-04-03,533.85741,217.41609,316.44133,0.00000,226,0,0,0,0,0.00000,0.00000,0.00000,,0,0,0,0
2021-04-04,534.52776,217.41609,317.11167,0.00000,228,2,0,0,0,0.00000,0.00000,0.00000,,0,0,0,0
2021-04-05,542.12503,225.01336,317.11167,0.00000,229,4,0,3,0,0.00000,600.00000,0.00000,,0,0,0,0
2021-04-06,542.57193,225.46026,317.11167,0.00000,230,1,0,0,0,0.00000,0.00000,0.00000,,0,0,0,0
2021-04-07,545.25332,228.14165,317.11167,0.00000,231,1,0,0,0,0.00000,0.00000,0.00000,,0,0,0,0
2021-04-08,545.25332,228.14165,317.11167,0.00000,231,0,0,0,0,0.00000,0.00000,0.00000,,0,0,0,0
2021-04-09,551.32369,227.91820,323.40549,0.00000,230,1,0,1,0,0.00000,200.00000,0.00000,,0,0,0,0
2021-04-10,554.22853,230.59959,323.62894,0.00000,232,2,0,0,0,0.00000,0.00000,0.00000,,0,0,0,0
2021-04-11,554.22853,230.59959,323.62894,0.00000,232,0,0,0,0,0.00000,0.00000,0.00000,,0,0,0,0
2021-04-12,563.16650,239.53756,323.62894,0.00000,235,3,0,0,0,0.00000,0.00000,0.00000,,0,0,0,0
2021-04-13,563.16650,239.53756,323.62894,0.00000,235,0,0,0,0,0.00000,0.00000,0.00000,,0,0,0,0
2021-04-14,560.74580,239.53756,321.20824,0.00000,233,0,0,0,0,0.00000,0.00000,0.00000,,0,0,0,0
2021-04-15,563.20374,242.44240,320.76134,0.00000,234,2,0,0,0,0.00000,0.00000,0.00000,,0,0,0,0
2021-04-16,563.20374,242.44240,320.76134,0.00000,234,0,0,0,0,0.00000,0.00000,0.00000,,0,0,0,0
2021-04-17,556.76096,246.91138,309.84957,0.00000,233,1,0,0,0,0.00000,0.00000,0.00000,,0,0,0,0
2021-04-18,558.99545,249.59277,309.40268,0.00000,233,2,0,0,0,0.00000,0.00000,0.00000,,0,0,0,0
2021-04-19,558.99545,249.59277,309.40268,0.00000,233,0,0,0,0,0.00000,0.00000,0.00000,,0,0,0,0
2021-04-20,567.93342,249.59277,318.34064,0.00000,234,1,0,0,0,0.00000,0.00000,0.00000,,0,0,0,0
2021-04-21,570.61481,252.27416,318.34064,0.00000,235,1,0,0,0,0.00000,0.00000,0.00000,,0,0,0,0
2021-04-22,577.76518,259.42454,318.34064,0.00000,237,2,0,0,0,0.00000,0.00000,0.00000,,0,0,0,0
2021-04-23,577.76518,259.42454,318.34064,0.00000,237,0,0,0,0,0.00000,0.00000,0.00000,,0,0,0,0
2021-04-24,577.76518,259.42454,318.34064,0.00000,237,0,0,0,0,0.00000,0.00000,0.00000,,0,0,0,0
2021-04-25,580.44657,262.10593,318.34064,0.00000,238,1,0,0,0,0.00000,0.00000,0.00000,,0,0,0,0
2021-04-26,583.12796,264.78732,318.34064,0.00000,239,1,0,0,0,0.00000,0.00000,0.00000,,0,0,0,0
2021-04-27,585.10176,264.78732,320.31445,0.00000,240,1,0,0,0,0.00000,0.00000,0.00000,,0,0,0,0
2021-04-28,586.66591,266.35146,320.31445,0.00000,241,2,0,0,0,0.00000,0.00000,0.00000,,0,0,0,0
2021-04-29,600.96666,271.71424,329.25241,0.00000,244,3,0,0,0,0.00000,0.00000,0.00000,,0,0,0,0
2021-04-30,611.46877,274.39563,337.07314,0.00000,245,2,0,0,0,0.00000,0.00000,0.00000,,0,0,0,0
2021-05-01,611.24532,274.17219,337.07314,0.00000,244,0,0,1,0,0.00000,200.00000,0.00000,,0,0,0,0
2021-05-02,621.74744,276.85358,344.89386,0.00000,245,2,0,0,0,0.00000,0.00000,0.00000,,0,0,0,0
2021-05-03,621.30054,276.40668,344.89386,0.00000,243,0,0,2,0,0.00000,400.00000,0.00000,,0,0,0,0
2021-05-04,621.52399,276.63013,344.89386,0.00000,244,1,0,0,0,0.00000,0.00000,0.00000,,0,0,0,0
2021-05-05,613.25637,276.63013,336.62624,0.00000,243,0,0,0,0,0.00000,0.00000,0.00000,,0,0,0,0
2021-05-06,613.25637,276.63013,336.62624,0.00000,243,0,0,0,0,0.00000,0.00000,0.00000,,0,0,0,0
2021-05-07,610.79842,274.17219,336.62624,0.00000,243,1,0,1,0,0.00000,200.00000,0.00000,,0,0,0,0
2021-05-08,610.79842,274.17219,336.62624,0.00000,243,0,0,0,0,0.00000,0.00000,0.00000,,0,0,0,0
2021-05-09,618.80535,280.20531,338.60004,0.00000,245,2,0,0,0,0.00000,0.00000,0.00000,,0,0,0,0
2021-05-10,627.07297,288.47294,338.60004,0.00000,246,2,0,1,0,0.00000,200.00000,0.00000,,0,0,0,0
2021-05-11,627.07297,288.47294,338.60004,0.00000,246,0,0,0,0,0.00000,0.00000,0.00000,,0,0,0,0
2021-05-12,611.87843,291.15433,320.72410,0.00000,245,1,0,0,0,0.00000,0.00000,0.00000,,0,0,0,0
2021-05-13,612.10188,291.37777,320.72410,0.00000,246,1,0,0,0,0.00000,0.00000,0.00000,,0,0,0,0
2021-05-14,617.46466,296.74056,320.72410,0.00000,248,2,0,0,0,0.00000,0.00000,0.00000,,0,0,0,0
2021-05-15,620.14605,299.42195,320.72410,0.00000,249,1,0,0,0,0.00000,0.00000,0.00000,,0,0,0,0
2021-05-16,619.47570,298.75160,320.72410,0.00000,247,0,0,2,0,0.00000,400.00000,0.00000,,0,0,0,0
2021-05-17,621.44950,298.75160,322.69790,0.00000,248,1,0,0,0,0.00000,0.00000,0.00000,,0,0,0,0
2021-05-18,621.00260,298.30470,322.69790,0.00000,246,0,0,2,0,0.00000,400.00000,0.00000,,0,0,0,0
2021-05-19,623.90744,301.20954,322.69790,0.00000,248,2,0,0,0,0.00000,0.00000,0.00000,,0,0,0,0
2021-05-20,623.90744,301.20954,322.69790,0.00000,248,0,0,0,0,0.00000,0.00000,0.00000,,0,0,0,0
2021-05-21,623.90744,301.20954,322.69790,0.00000,248,0,0,0,0,0.00000,0.00000,0.00000,,0,0,0,0
2021-05-22,626.55159,301.20954,325.34205,0.00000,250,3,0,0,0,0.00000,0.00000,0.00000,,0,0,0,0
2021-05-23,631.65368,303.89093,327.76275,0.00000,253,3,0,0,0,0.00000,0.00000,0.00000,,0,0,0,0
2021-05-24,633.66473,305.90197,327.76275,0.00000,252,2,0,2,0,0.00000,400.00000,0.00000,,0,0,0,0
2021-05-25,633.88818,306.12542,327.76275,0.00000,253,1,0,0,0,0.00000,0.00000,0.00000,,0,0,0,0
2021-05-26,636.38336,310.59441,325.78895,0.00000,253,1,0,0,0,0.00000,0.00000,0.00000,,0,0,0,0
2021-05-27,635.93646,310.59441,325.34205,0.00000,252,0,0,0,0,0.00000,0.00000,0.00000,,0,0,0,0
2021-05-28,635.93646,310.81786,325.11860,0.00000,252,1,0,0,0,0.00000,0.00000,0.00000,,0,0,0,0
2021-05-29,635.93646,310.81786,325.11860,0.00000,252,0,0,0,0,0.00000,0.00000,0.00000,,0,0,0,0
2021-05-30,640.18200,315.06339,325.11860,0.00000,254,2,0,0,0,0.00000,0.00000,0.00000,,0,0,0,0
2021-05-31,640.18200,315.06339,325.11860,0.00000,254,0,0,0,0,0.00000,0.00000,0.00000,,0,0,0,0
2021-06-01,640.18200,315.06339,325.11860,0.00000,254,0,0,0,0,0.00000,0.00000,0.00000,,0,0,0,0
2021-06-02,651.80135,317.74478,334.05657,0.00000,256,2,0,0,0,0.00000,0.00000,0.00000,,0,0,0,0
2021-06-03,651.80135,317.74478,334.05657,0.00000,256,0,0,0,0,0.00000,0.00000,0.00000,,0,0,0,0
2021-06-04,654.48274,320.42617,334.05657,0.00000,257,2,0,1,0,0.00000,200.00000,0.00000,,0,0,0,0
2021-06-05,666.10210,323.10756,342.99454,0.00000,259,2,0,0,0,0.00000,0.00000,0.00000,,0,0,0,0
2021-06-06,674.14628,322.88411,351.26216,0.00000,259,1,0,1,0,0.00000,200.00000,0.00000,,0,0,0,0
2021-06-07,666.77245,324.44826,342.32419,0.00000,259,1,0,0,0,0.00000,0.00000,0.00000,,0,0,0,0
2021-06-08,666.99590,324.67171,342.32419,0.00000,260,1,0,0,0,0.00000,0.00000,0.00000,,0,0,0,0
2021-06-09,651.35446,327.35310,324.00136,0.00000,258,1,0,0,0,0.00000,0.00000,0.00000,,0,0,0,0
2021-06-10,656.00965,330.03449,325.97516,0.00000,260,2,0,0,0,0.00000,0.00000,0.00000,,0,0,0,0
2021-06-11,664.27727,338.30211,325.97516,0.00000,261,1,0,0,0,0.00000,0.00000,0.00000,,0,0,0,0
2021-06-12,664.05382,338.30211,325.75171,0.00000,260,0,0,0,0,0.00000,0.00000,0.00000,,0,0,0,0
2021-06-13,664.27727,338.52556,325.75171,0.00000,261,1,0,0,0,0.00000,0.00000,0.00000,,0,0,0,0
2021-06-14,664.27727,338.52556,325.75171,0.00000,261,0,0,0,0,0.00000,0.00000,0.00000,,0,0,0,0
2021-06-15,663.83037,338.52556,325.30481,0.00000,261,1,0,0,0,0.00000,0.00000,0.00000,,0,0,0,0
2021-06-16,664.05382,338.74901,325.30481,0.00000,262,1,0,0,0,0.00000,0.00000,0.00000,,0,0,0,0
2021-06-17,653.81240,338.74901,315.06339,0.00000,260,0,0,0,0,0.00000,0.00000,0.00000,,0,0,0,0
2021-06-18,653.58895,338.52556,315.06339,0.00000,259,0,0,1,0,0.00000,200.00000,0.00000,,0,0,0,0
2021-06-19,651.61515,338.52556,313.08959,0.00000,258,0,0,0,0,0.00000,0.00000,0.00000,,0,0,0,0
2021-06-20,649.19445,338.07866,311.11579,0.00000,255,0,0,2,0,0.00000,400.00000,0.00000,,0,0,0,0
2021-06-21,647.22065,338.07866,309.14199,0.00000,254,0,0,0,0,0.00000,0.00000,0.00000,,0,0,0,0
2021-06-22,655.48827,346.34628,309.14199,0.00000,255,1,0,0,0,0.00000,0.00000,0.00000,,0,0,0,0
2021-06-23,655.93516,346.34628,309.58888,0.00000,256,1,0,0,0,0.00000,0.00000,0.00000,,0,0,0,0
2021-06-24,655.48827,346.56973,308.91854,0.00000,256,1,0,0,0,0.00000,0.00000,0.00000,,0,0,0,0
2021-06-25,657.46207,346.56973,310.89234,0.00000,257,2,0,1,0,0.00000,200.00000,0.00000,,0,0,0,0
2021-06-26,657.46207,346.56973,310.89234,0.00000,257,0,0,0,0,0.00000,0.00000,0.00000,,0,0,0,0
2021-06-27,659.69656,349.25112,310.44544,0.00000,257,1,0,0,0,0.00000,0.00000,0.00000,,0,0,0,0
2021-06-28,667.03314,354.61390,312.41924,0.00000,260,3,0,0,0,0.00000,0.00000,0.00000,,0,0,0,0
2021-06-29,667.03314,354.61390,312.41924,0.00000,260,0,0,0,0,0.00000,0.00000,0.00000,,0,0,0,0
2021-06-30,667.03314,354.61390,312.41924,0.00000,260,0,0,0,0,0.00000,0.00000,0.00000,,0,0,0,0
2021-07-01,665.05934,354.61390,310.44544,0.00000,259,0,0,0,0,0.00000,0.00000,0.00000,,0,0,0,0
2021-07-02,673.10351,362.65807,310.44544,0.00000,262,3,0,0,0,0.00000,0.00000,0.00000,,0,0,0,0
2021-07-03,673.10351,362.65807,310.44544,0.00000,262,1,0,0,0,0.00000,0.00000,0.00000,,0,0,0,0
2021-07-04,671.12971,362.65807,308.47164,0.00000,261,1,0,1,0,0.00000,200.00000,0.00000,,0,0,0,0
2021-07-05,673.32696,362.88152,310.44544,0.00000,263,3,0,0,0,0.00000,0.00000,0.00000,,0,0,0,0
2021-07-06,673.32696,362.88152,310.44544,0.00000,263,0,0,0,0,0.00000,0.00000,0.00000,,0,0,0,0
2021-07-07,675.33801,364.44567,310.89234,0.00000,265,2,0,0,0,0.00000,0.00000,0.00000,,0,0,0,0
2021-07-08,678.01940,367.12706,310.89234,0.00000,266,2,0,0,0,0.00000,0.00000,0.00000,,0,0,0,0
2021-07-09,678.01940,367.12706,310.89234,0.00000,266,0,0,0,0,0.00000,0.00000,0.00000,,0,0,0,0
2021-07-10,669.75177,367.12706,302.62472,0.00000,265,0,0,0,0,0.00000,0.00000,0.00000,,0,0,0,0
2021-07-11,669.75177,367.12706,302.62472,0.00000,265,0,0,0,0,0.00000,0.00000,0.00000,,0,0,0,0
2021-07-12,670.19867,367.12706,303.07161,0.00000,266,1,0,0,0,0.00000,0.00000,0.00000,,0,0,0,0
2021-07-13,669.75177,366.68016,303.07161,0.00000,265,0,0,1,0,0.00000,200.00000,0.00000,,0,0,0,0
2021-07-14,669.08143,366.68016,302.40127,0.00000,264,0,0,0,0,0.00000,0.00000,0.00000,,0,0,0,0
2021-07-15,679.99320,366.68016,313.31304,0.00000,266,2,0,0,0,0.00000,0.00000,0.00000,,0,0,0,0
2021-07-16,679.99320,366.68016,313.31304,0.00000,266,0,0,0,0,0.00000,0.00000,0.00000,,0,0,0,0
2021-07-17,679.99320,366.68016,313.31304,0.00000,266,0,0,0,0,0.00000,0.00000,0.00000,,0,0,0,0
2021-07-18,682.89804,369.58500,313.31304,0.00000,268,2,0,0,0,0.00000,0.00000,0.00000,,0,0,0,0
2021-07-19,686.69667,374.05398,312.64269,0.00000,268,1,0,0,0,0.00000,0.00000,0.00000,,0,0,0,0
2021-07-20,687.81392,374.50088,313.31304,0.00000,271,3,0,0,0,0.00000,0.00000,0.00000,,0,0,0,0
2021-07-21,698.09258,384.77955,313.31304,0.00000,274,3,0,0,0,0.00000,0.00000,0.00000,,0,0,0,0
2021-07-22,698.09258,384.77955,313.31304,0.00000,274,1,0,1,0,0.00000,200.00000,0.00000,,0,0,0,0
2021-07-23,700.77397,387.46094,313.31304,0.00000,275,1,0,0,0,0.00000,0.00000,0.00000,,0,0,0,0
2021-07-24,703.45536,390.14233,313.31304,0.00000,276,1,0,0,0,0.00000,0.00000,0.00000,,0,0,0,0
2021-07-25,703.45536,390.14233,313.31304,0.00000,276,0,0,0,0,0.00000,0.00000,0.00000,,0,0,0,0
2021-07-26,706.13675,392.82372,313.31304,0.00000,277,1,0,0,0,0.00000,0.00000,0.00000,,0,0,0,0
2021-07-27,705.01951,392.82372,312.19579,0.00000,275,0,0,0,0,0.00000,0.00000,0.00000,,0,0,0,0
2021-07-28,696.75189,392.82372,303.92817,0.00000,274,0,0,0,0,0.00000,0.00000,0.00000,,0,0,0,0
2021-07-29,696.75189,392.82372,303.92817,0.00000,274,0,0,0,0,0.00000,0.00000,0.00000,,0,0,0,0
2021-07-30,697.19879,393.27062,303.92817,0.00000,275,1,0,0,0,0.00000,0.00000,0.00000,,0,0,0,0
2021-07-31,701.85398,395.95201,305.90197,0.00000,277,2,0,0,0,0.00000,0.00000,0.00000,,0,0,0,0
2021-08-01,692.91601,395.95201,296.96400,0.00000,276,0,0,0,0,0.00000,0.00000,0.00000,,0,0,0,0
2021-08-02,695.82085,398.85685,296.96400,0.00000,277,2,0,1,0,0.00000,200.00000,0.00000,,0,0,0,0
2021-08-03,695.82085,398.85685,296.96400,0.00000,277,0,0,0,0,0.00000,0.00000,0.00000,,0,0,0,0
2021-08-04,700.47604,401.53824,298.93780,0.00000,279,2,0,0,0,0.00000,0.00000,0.00000,,0,0,0,0
2021-08-05,700.25259,401.31479,298.93780,0.00000,278,0,0,1,0,0.00000,200.00000,0.00000,,0,0,0,0
2021-08-06,705.83882,406.90102,298.93780,0.00000,281,3,0,0,0,0.00000,0.00000,0.00000,,0,0,0,0
2021-08-07,705.16847,415.16864,289.99984,0.00000,281,1,0,0,0,0.00000,0.00000,0.00000,,0,0,0,0
2021-08-08,705.16847,415.16864,289.99984,0.00000,281,0,0,0,0,0.00000,0.00000,0.00000,,0,0,0,0
2021-08-09,713.88299,415.61554,298.26746,0.00000,283,2,0,0,0,0.00000,0.00000,0.00000,,0,0,0,0
2021-08-10,713.65954,415.61554,298.04401,0.00000,282,0,0,0,0,0.00000,0.00000,0.00000,,0,0,0,0
2021-08-11,711.42505,413.38105,298.04401,0.00000,282,1,0,1,0,0.00000,200.00000,0.00000,,0,0,0,0
2021-08-12,709.00435,413.38105,295.62331,0.00000,280,0,0,0,0,0.00000,0.00000,0.00000,,0,0,0,0
2021-08-13,709.00435,413.38105,295.62331,0.00000,280,0,0,0,0,0.00000,0.00000,0.00000,,0,0,0,0
2021-08-14,714.36713,418.74383,295.62331,0.00000,282,2,0,0,0,0.00000,0.00000,0.00000,,0,0,0,0
2021-08-15,714.36713,418.74383,295.62331,0.00000,282,0,0,0,0,0.00000,0.00000,0.00000,,0,0,0,0
2021-08-16,717.94232,421.42522,296.51710,0.00000,285,3,0,0,0,0.00000,0.00000,0.00000,,0,0,0,0
2021-08-17,724.42235,427.90524,296.51710,0.00000,287,2,0,0,0,0.00000,0.00000,0.00000,,0,0,0,0
2021-08-18,716.15473,427.90524,288.24948,0.00000,286,0,0,0,0,0.00000,0.00000,0.00000,,0,0,0,0
2021-08-19,718.83612,430.58663,288.24948,0.00000,287,1,0,0,0,0.00000,0.00000,0.00000,,0,0,0,0
2021-08-20,727.10374,438.85426,288.24948,0.00000,288,1,0,0,0,0.00000,0.00000,0.00000,,0,0,0,0
2021-08-21,731.57272,443.32324,288.24948,0.00000,289,1,0,0,0,0.00000,0.00000,0.00000,,0,0,0,0
2021-08-22,732.87618,442.65289,290.22328,0.00000,288,1,0,2,0,0.00000,400.00000,0.00000,,0,0,0,0
2021-08-23,732.87618,442.65289,290.22328,0.00000,288,0,0,0,0,0.00000,0.00000,0.00000,,0,0,0,0
2021-08-24,732.87618,442.65289,290.22328,0.00000,288,0,0,0,0,0.00000,0.00000,0.00000,,0,0,0,0
2021-08-25,732.20583,442.65289,289.55294,0.00000,287,0,0,0,0,0.00000,0.00000,0.00000,,0,0,0,0
2021-08-26,732.42928,442.65289,289.77639,0.00000,288,1,0,0,0,0.00000,0.00000,0.00000,,0,0,0,0
2021-08-27,740.43621,448.68602,291.75019,0.00000,290,2,0,0,0,0.00000,0.00000,0.00000,,0,0,0,0
2021-08-28,740.43621,448.68602,291.75019,0.00000,290,0,0,0,0,0.00000,0.00000,0.00000,,0,0,0,0
2021-08-29,738.46241,448.68602,289.77639,0.00000,289,0,0,0,0,0.00000,0.00000,0.00000,,0,0,0,0
2021-08-30,737.79206,448.68602,289.10604,0.00000,288,0,0,0,0,0.00000,0.00000,0.00000,,0,0,0,0
2021-08-31,737.79206,448.68602,289.10604,0.00000,288,0,0,0,0,0.00000,0.00000,0.00000,,0,0,0,0
2021-09-01,737.79206,448.68602,289.10604,0.00000,288,0,0,0,0,0.00000,0.00000,0.00000,,0,0,0,0
2021-09-02,743.82519,454.71915,289.10604,0.00000,289,1,0,0,0,0.00000,0.00000,0.00000,,0,0,0,0
2021-09-03,744.75623,457.62399,287.13224,0.00000,290,2,0,0,0,0.00000,0.00000,0.00000,,0,0,0,0
2021-09-04,746.28313,457.17709,289.10604,0.00000,290,1,0,1,0,0.00000,200.00000,0.00000,,0,0,0,0
2021-09-05,746.50658,457.40054,289.10604,0.00000,291,1,0,0,0,0.00000,0.00000,0.00000,,0,0,0,0
2021-09-06,748.48038,457.40054,291.07984,0.00000,292,1,0,0,0,0.00000,0.00000,0.00000,,0,0,0,0
2021-09-07,751.38522,460.30538,291.07984,0.00000,294,2,0,0,0,0.00000,0.00000,0.00000,,0,0,0,0
2021-09-08,751.38522,460.30538,291.07984,0.00000,294,0,0,0,0,0.00000,0.00000,0.00000,,0,0,0,0
2021-09-09,752.09281,462.98677,289.10604,0.00000,294,1,0,0,0,0.00000,0.00000,0.00000,,0,0,0,0
2021-09-10,752.09281,462.98677,289.10604,0.00000,294,0,0,0,0,0.00000,0.00000,0.00000,,0,0,0,0
2021-09-11,760.36043,471.25439,289.10604,0.00000,295,1,0,0,0,0.00000,0.00000,0.00000,,0,0,0,0
2021-09-12,768.62805,479.52201,289.10604,0.00000,296,1,0,0,0,0.00000,0.00000,0.00000,,0,0,0,0
2021-09-13,762.37147,482.20340,280.16807,0.00000,296,1,0,0,0,0.00000,0.00000,0.00000,,0,0,0,0
2021-09-14,762.37147,482.20340,280.16807,0.00000,296,0,0,0,0,0.00000,0.00000,0.00000,,0,0,0,0
2021-09-15,758.16318,479.96891,278.19427,0.00000,295,1,0,1,0,0.00000,200.00000,0.00000,,0,0,0,0
2021-09-16,766.65425,479.74546,286.90879,0.00000,294,1,0,1,0,0.00000,200.00000,0.00000,,0,0,0,0
2021-09-17,770.52737,479.74546,290.78191,0.00000,292,1,0,0,0,0.00000,0.00000,0.00000,,0,0,0,0
2021-09-18,781.47638,490.69447,290.78191,0.00000,294,2,0,0,0,0.00000,0.00000,0.00000,,0,0,0,0
2021-09-19,787.50951,496.72760,290.78191,0.00000,295,1,0,0,0,0.00000,0.00000,0.00000,,0,0,0,0
2021-09-20,787.50951,496.72760,290.78191,0.00000,295,0,0,0,0,0.00000,0.00000,0.00000,,0,0,0,0
2021-09-21,778.79499,496.72760,282.06739,0.00000,293,0,0,0,0,0.00000,0.00000,0.00000,,0,0,0,0
2021-09-22,778.79499,496.72760,282.06739,0.00000,293,0,0,0,0,0.00000,0.00000,0.00000,,0,0,0,0
2021-09-23,778.57154,496.50415,282.06739,0.00000,292,0,0,1,0,0.00000,200.00000,0.00000,,0,0,0,0
2021-09-24,778.57154,496.50415,282.06739,0.00000,292,0,0,0,0,0.00000,0.00000,0.00000,,0,0,0,0
2021-09-25,778.57154,496.50415,282.06739,0.00000,292,0,0,0,0,0.00000,0.00000,0.00000,,0,0,0,0
2021-09-26,783.93432,501.86693,282.06739,0.00000,294,2,0,0,0,0.00000,0.00000,0.00000,,0,0,0,0
2021-09-27,788.81296,504.77177,284.04119,0.00000,297,3,0,0,0,0.00000,0.00000,0.00000,,0,0,0,0
2021-09-28,788.36607,504.32488,284.04119,0.00000,296,0,0,1,0,0.00000,200.00000,0.00000,,0,0,0,0
2021-09-29,788.36607,504.32488,284.04119,0.00000,296,0,0,0,0,0.00000,0.00000,0.00000,,0,0,0,0
2021-09-30,799.31508,515.27389,284.04119,0.00000,298,2,0,0,0,0.00000,0.00000,0.00000,,0,0,0,0
2021-10-01,798.64473,515.05044,283.59429,0.00000,296,0,0,1,0,0.00000,200.00000,0.00000,,0,0,0,0
2021-10-02,798.64473,515.05044,283.59429,0.00000,296,0,0,0,0,0.00000,0.00000,0.00000,,0,0,0,0
2021-10-03,805.60890,515.05044,290.55846,0.00000,296,1,0,0,0,0.00000,0.00000,0.00000,,0,0,0,0
2021-10-04,803.63510,515.05044,288.58466,0.00000,295,0,0,0,0,0.00000,0.00000,0.00000,,0,0,0,0
2021-10-05,806.31649,517.73183,288.58466,0.00000,296,1,0,0,0,0.00000,0.00000,0.00000,,0,0,0,0
2021-10-06,806.31649,517.73183,288.58466,0.00000,296,0,0,0,0,0.00000,0.00000,0.00000,,0,0,0,0
2021-10-07,804.52889,515.94423,288.58466,0.00000,296,1,0,1,0,0.00000,200.00000,0.00000,,0,0,0,0
2021-10-08,808.55098,519.96632,288.58466,0.00000,296,1,0,1,0,0.00000,200.00000,0.00000,,0,0,0,0
2021-10-09,811.23237,522.64771,288.58466,0.00000,297,1,0,0,0,0.00000,0.00000,0.00000,,0,0,0,0
2021-10-10,819.94689,530.91533,289.03156,0.00000,299,2,0,0,0,0.00000,0.00000,0.00000,,0,0,0,0
2021-10-11,819.94689,530.91533,289.03156,0.00000,299,0,0,0,0,0.00000,0.00000,0.00000,,0,0,0,0
2021-10-12,825.98002,536.94846,289.03156,0.00000,300,1,0,0,0,0.00000,0.00000,0.00000,,0,0,0,0
2021-10-13,825.75657,545.21608,280.54049,0.00000,301,2,0,0,0,0.00000,0.00000,0.00000,,0,0,0,0
2021-10-14,828.43796,548.34437,280.09359,0.00000,302,2,0,0,0,0.00000,0.00000,0.00000,,0,0,0,0
2021-10-15,832.90694,552.81335,280.09359,0.00000,303,1,0,0,0,0.00000,0.00000,0.00000,,0,0,0,0
2021-10-16,833.13039,553.03680,280.09359,0.00000,304,1,0,0,0,0.00000,0.00000,0.00000,,0,0,0,0
2021-10-17,833.13039,553.03680,280.09359,0.00000,304,0,0,0,0,0.00000,0.00000,0.00000,,0,0,0,0
2021-10-18,832.90694,552.81335,280.09359,0.00000,303,0,0,1,0,0.00000,200.00000,0.00000,,0,0,0,0
2021-10-19,833.57729,552.81335,280.76393,0.00000,304,1,0,0,0,0.00000,0.00000,0.00000,,0,0,0,0
2021-10-20,833.57729,552.81335,280.76393,0.00000,304,0,0,0,0,0.00000,0.00000,0.00000,,0,0,0,0
2021-10-21,836.25868,555.49475,280.76393,0.00000,305,1,0,0,0,0.00000,0.00000,0.00000,,0,0,0,0
2021-10-22,836.48213,555.27130,281.21083,0.00000,305,1,0,1,0,0.00000,200.00000,0.00000,,0,0,0,0
2021-10-23,846.27665,554.82440,291.45226,0.00000,306,2,0,1,0,0.00000,200.00000,0.00000,,0,0,0,0
2021-10-24,846.27665,554.82440,291.45226,0.00000,306,0,0,0,0,0.00000,0.00000,0.00000,,0,0,0,0
2021-10-25,847.80356,554.82440,292.97916,0.00000,306,1,0,0,0,0.00000,0.00000,0.00000,,0,0,0,0
2021-10-26,847.80356,554.82440,292.97916,0.00000,306,0,0,0,0,0.00000,0.00000,0.00000,,0,0,0,0
2021-10-27,850.93185,557.50579,293.42606,0.00000,308,2,0,0,0,0.00000,0.00000,0.00000,,0,0,0,0
2021-10-28,848.73459,557.28234,291.45226,0.00000,306,0,0,1,0,0.00000,200.00000,0.00000,,0,0,0,0
2021-10-29,848.73459,557.28234,291.45226,0.00000,306,0,0,0,0,0.00000,0.00000,0.00000,,0,0,0,0
2021-10-30,848.73459,557.28234,291.45226,0.00000,306,0,0,0,0,0.00000,0.00000,0.00000,,0,0,0,0
2021-10-31,848.73459,557.28234,291.45226,0.00000,306,0,0,0,0,0.00000,0.00000,0.00000,,0,0,0,0
2021-11-01,848.73459,557.28234,291.45226,0.00000,306,1,0,1,0,0.00000,200.00000,0.00000,,0,0,0,0
2021-11-02,846.76079,557.28234,289.47845,0.00000,305,0,0,0,0,0.00000,0.00000,0.00000,,0,0,0,0
2021-11-03,846.98424,557.50579,289.47845,0.00000,306,1,0,0,0,0.00000,0.00000,0.00000,,0,0,0,0
2021-11-04,846.98424,557.50579,289.47845,0.00000,306,0,0,0,0,0.00000,0.00000,0.00000,,0,0,0,0
2021-11-05,847.20769,557.72924,289.47845,0.00000,307,1,0,0,0,0.00000,0.00000,0.00000,,0,0,0,0
2021-11-06,849.88908,560.41063,289.47845,0.00000,308,1,0,0,0,0.00000,0.00000,0.00000,,0,0,0,0
2021-11-07,849.88908,560.41063,289.47845,0.00000,308,0,0,0,0,0.00000,0.00000,0.00000,,0,0,0,0
2021-11-08,855.92221,565.77341,290.14880,0.00000,311,3,0,0,0,0.00000,0.00000,0.00000,,0,0,0,0
2021-11-09,858.38015,568.23135,290.14880,0.00000,311,1,0,1,0,0.00000,200.00000,0.00000,,0,0,0,0
2021-11-10,859.94430,569.79550,290.14880,0.00000,312,1,0,0,0,0.00000,0.00000,0.00000,,0,0,0,0
2021-11-11,867.09467,576.94587,290.14880,0.00000,314,2,0,0,0,0.00000,0.00000,0.00000,,0,0,0,0
2021-11-12,869.77606,579.62726,290.14880,0.00000,315,1,0,0,0,0.00000,0.00000,0.00000,,0,0,0,0
2021-11-13,869.77606,579.62726,290.14880,0.00000,315,0,0,0,0,0.00000,0.00000,0.00000,,0,0,0,0
2021-11-14,869.77606,579.62726,290.14880,0.00000,315,0,0,0,0,0.00000,0.00000,0.00000,,0,0,0,0
2021-11-15,869.77606,579.62726,290.14880,0.00000,315,0,0,0,0,0.00000,0.00000,0.00000,,0,0,0,0
2021-11-16,878.49058,588.34178,290.14880,0.00000,317,3,0,1,0,0.00000,200.00000,0.00000,,0,0,0,0
2021-11-17,878.49058,588.34178,290.14880,0.00000,317,0,0,0,0,0.00000,0.00000,0.00000,,0,0,0,0
2021-11-18,876.51678,588.34178,288.17500,0.00000,316,0,0,0,0,0.00000,0.00000,0.00000,,0,0,0,0
2021-11-19,876.51678,588.34178,288.17500,0.00000,316,0,0,0,0,0.00000,0.00000,0.00000,,0,0,0,0
2021-11-20,876.51678,588.34178,288.17500,0.00000,316,0,0,0,0,0.00000,0.00000,0.00000,,0,0,0,0
2021-11-21,869.36641,590.79972,278.56668,0.00000,314,1,0,1,0,0.00000,200.00000,0.00000,,0,0,0,0
2021-11-22,869.36641,590.79972,278.56668,0.00000,314,0,0,0,0,0.00000,0.00000,0.00000,,0,0,0,0
2021-11-23,874.72919,596.16250,278.56668,0.00000,316,2,0,0,0,0.00000,0.00000,0.00000,,0,0,0,0
2021-11-24,874.72919,596.16250,278.56668,0.00000,316,0,0,0,0,0.00000,0.00000,0.00000,,0,0,0,0
2021-11-25,881.87956,603.31288,278.56668,0.00000,318,2,0,0,0,0.00000,0.00000,0.00000,,0,0,0,0
2021-11-26,881.87956,603.31288,278.56668,0.00000,318,0,0,0,0,0.00000,0.00000,0.00000,,0,0,0,0
2021-11-27,881.87956,603.31288,278.56668,0.00000,318,0,0,0,0,0.00000,0.00000,0.00000,,0,0,0,0
2021-11-28,881.65611,603.08943,278.56668,0.00000,317,0,0,1,0,0.00000,200.00000,0.00000,,0,0,0,0
2021-11-29,886.34855,607.78186,278.56668,0.00000,319,2,0,0,0,0.00000,0.00000,0.00000,,0,0,0,0
2021-11-30,886.34855,607.78186,278.56668,0.00000,319,1,0,1,0,0.00000,200.00000,0.00000,,0,0,0,0
2021-12-01,886.57199,608.00531,278.56668,0.00000,320,1,0,0,0,0.00000,0.00000,0.00000,,0,0,0,0
2021-12-02,886.79544,608.00531,278.79013,0.00000,321,1,0,0,0,0.00000,0.00000,0.00000,,0,0,0,0
2021-12-03,886.79544,608.00531,278.79013,0.00000,321,1,0,0,0,0.00000,0.00000,0.00000,,0,0,0,0
2021-12-04,889.70028,610.91015,278.79013,0.00000,323,2,0,0,0,0.00000,0.00000,0.00000,,0,0,0,0
2021-12-05,889.70028,610.91015,278.79013,0.00000,323,0,0,0,0,0.00000,0.00000,0.00000,,0,0,0,0
2021-12-06,892.15823,613.36809,278.79013,0.00000,323,1,0,1,0,0.00000,200.00000,0.00000,,0,0,0,0
2021-12-07,892.38167,613.59154,278.79013,0.00000,324,1,0,0,0,0.00000,0.00000,0.00000,,0,0,0,0
2021-12-08,895.06307,616.27293,278.79013,0.00000,325,1,0,0,0,0.00000,0.00000,0.00000,,0,0,0,0
2021-12-09,903.33069,624.54055,278.79013,0.00000,326,1,0,0,0,0.00000,0.00000,0.00000,,0,0,0,0
2021-12-10,906.01208,627.22194,278.79013,0.00000,328,3,0,1,0,0.00000,200.00000,0.00000,,0,0,0,0
2021-12-11,910.03416,631.24403,278.79013,0.00000,329,2,0,1,0,0.00000,200.00000,0.00000,,0,0,0,0
2021-12-12,910.70451,631.24403,279.46048,0.00000,330,1,0,0,0,0.00000,0.00000,0.00000,,0,0,0,0
2021-12-13,911.37486,631.91438,279.46048,0.00000,332,2,0,0,0,0.00000,0.00000,0.00000,,0,0,0,0
2021-12-14,914.05625,634.59577,279.46048,0.00000,333,1,0,0,0,0.00000,0.00000,0.00000,,0,0,0,0
2021-12-15,916.51419,637.05371,279.46048,0.00000,333,1,0,1,0,0.00000,200.00000,0.00000,,0,0,0,0
2021-12-16,916.51419,637.05371,279.46048,0.00000,333,0,0,0,0,0.00000,0.00000,0.00000,,0,0,0,0
2021-12-17,916.51419,637.05371,279.46048,0.00000,333,0,0,0,0,0.00000,0.00000,0.00000,,0,0,0,0
2021-12-18,918.07833,638.61785,279.46048,0.00000,334,1,0,0,0,0.00000,0.00000,0.00000,,0,0,0,0
2021-12-19,918.52523,638.61785,279.90738,0.00000,335,1,0,0,0,0.00000,0.00000,0.00000,,0,0,0,0
2021-12-20,918.52523,638.61785,279.90738,0.00000,335,0,0,0,0,0.00000,0.00000,0.00000,,0,0,0,0
2021-12-21,918.52523,638.61785,279.90738,0.00000,335,0,0,0,0,0.00000,0.00000,0.00000,,0,0,0,0
2021-12-22,912.93900,641.29924,271.63976,0.00000,335,2,0,1,0,0.00000,200.00000,0.00000,,0,0,0,0
2021-12-23,912.93900,641.29924,271.63976,0.00000,335,0,0,0,0,0.00000,0.00000,0.00000,,0,0,0,0
2021-12-24,913.64659,643.98063,269.66596,0.00000,335,1,0,0,0,0.00000,0.00000,0.00000,,0,0,0,0
2021-12-25,922.54732,652.24825,270.29906,0.00000,335,2,0,0,0,0.00000,0.00000,0.00000,,0,0,0,0
2021-12-26,922.32387,652.02481,270.29906,0.00000,334,0,0,1,0,0.00000,200.00000,0.00000,,0,0,0,0
2021-12-27,928.61769,660.29243,268.32526,0.00000,334,1,0,0,0,0.00000,0.00000,0.00000,,0,0,0,0
2021-12-28,928.61769,660.29243,268.32526,0.00000,334,0,0,0,0,0.00000,0.00000,0.00000,,0,0,0,0
2021-12-29,944.03568,675.71042,268.32526,0.00000,335,3,0,2,0,0.00000,400.00000,0.00000,,0,0,0,0
2021-12-30,935.09772,675.71042,259.38729,0.00000,333,0,0,0,0,0.00000,0.00000,0.00000,,0,0,0,0
2021-12-31,937.33221,677.94491,259.38729,0.00000,333,1,0,1,0,0.00000,200.00000,0.00000,,0,0,0,0
2022-01-01,943.14189,683.75459,259.38729,2876.00000,333,1,0,1,43,0.00000,200.00000,2876.00000,,43,3,180,300
2022-01-02,943.14189,683.75459,259.38729,2876.00000,333,0,0,0,67,0.00000,0.00000,2876.00000,,67,3,180,360
2022-01-03,943.14189,683.75459,259.38729,2876.00000,333,0,0,0,39,0.00000,0.00000,2876.00000,,39,3,180,300
2022-01-04,945.82328,686.43598,259.38729,2876.00000,334,1,0,0,54,0.00000,0.00000,2876.00000,,54,3,180,360
2022-01-05,945.82328,686.43598,259.38729,0.00000,334,0,0,0,0,0.00000,0.00000,0.00000,,0,0,0,0
2022-01-06,957.66609,698.27879,259.38729,0.00000,336,3,0,1,0,0.00000,200.00000,0.00000,,0,0,0,0
2022-01-07,965.71026,698.05534,267.65491,0.00000,336,1,0,1,0,0.00000,200.00000,0.00000,,0,0,0,0
2022-01-08,967.68406,698.05534,269.62872,0.00000,337,1,0,0,0,0.00000,0.00000,0.00000,,0,0,0,0
2022-01-09,965.93371,698.27879,267.65491,0.00000,337,1,0,0,0,0.00000,0.00000,0.00000,,0,0,0,0
2022-01-10,965.93371,698.27879,267.65491,0.00000,337,0,0,0,0,0.00000,0.00000,0.00000,,0,0,0,0
2022-01-11,966.64130,700.96018,265.68111,0.00000,337,1,0,0,0,0.00000,0.00000,0.00000,,0,0,0,0
2022-01-12,969.54614,703.86502,265.68111,0.00000,339,2,0,0,0,0.00000,0.00000,0.00000,,0,0,0,0
2022-01-13,969.54614,703.86502,265.68111,0.00000,339,0,0,0,0,0.00000,0.00000,0.00000,,0,0,0,0
2022-01-14,969.32269,703.64157,265.68111,0.00000,338,0,0,1,0,0.00000,200.00000,0.00000,,0,0,0,0
2022-01-15,969.76959,704.08847,265.68111,0.00000,339,1,0,0,0,0.00000,0.00000,0.00000,,0,0,0,0
2022-01-16,858.49188,592.81076,265.68111,6400.00000,308,1,32,0,0,6400.00000,0.00000,0.00000,,0,0,0,0
2022-01-17,650.01376,375.39468,274.61908,11400.00000,253,2,57,0,0,11400.00000,0.00000,0.00000,,0,0,0,0
2022-01-18,532.03258,257.41349,274.61908,6800.00000,220,1,34,0,0,6800.00000,0.00000,0.00000,,0,0,0,0
2022-01-19,381.20436,106.58528,274.61908,9000.00000,178,3,45,0,0,9000.00000,0.00000,0.00000,,0,0,0,0
2022-01-20,391.66923,115.07635,276.59288,0.00000,181,3,0,0,0,0.00000,0.00000,0.00000,,0,0,0,0
2022-01-21,383.84851,115.52324,268.32526,0.00000,181,1,0,0,0,0.00000,0.00000,0.00000,,0,0,0,0
2022-01-22,385.41265,117.08739,268.32526,0.00000,182,1,0,0,0,0.00000,0.00000,0.00000,,0,0,0,0
2022-01-23,388.09404,119.76878,268.32526,0.00000,183,1,0,0,0,0.00000,0.00000,0.00000,,0,0,0,0
2022-01-24,398.33546,128.03640,270.29906,0.00000,185,2,0,0,0,0.00000,0.00000,0.00000,,0,0,0,0
2022-01-25,398.33546,128.03640,270.29906,0.00000,185,0,0,0,0,0.00000,0.00000,0.00000,,0,0,0,0
2022-01-26,400.79340,130.49434,270.29906,0.00000,185,1,0,1,0,0.00000,200.00000,0.00000,,0,0,0,0
2022-01-27,400.79340,130.49434,270.29906,0.00000,185,0,0,0,0,0.00000,0.00000,0.00000,,0,0,0,0
2022-01-28,400.56996,130.27089,270.29906,0.00000,184,0,0,1,0,0.00000,200.00000,0.00000,,0,0,0,0
2022-01-29,407.23619,134.96333,272.27286,0.00000,187,3,0,0,0,0.00000,0.00000,0.00000,,0,0,0,0
2022-01-30,407.23619,134.96333,272.27286,0.00000,187,0,0,0,0,0.00000,0.00000,0.00000,,0,0,0,0
2022-01-31,407.90654,134.96333,272.94321,0.00000,188,1,0,0,0,0.00000,0.00000,0.00000,,0,0,0,0
2022-02-01,399.67616,137.64472,262.03144,0.00000,187,1,0,0,0,0.00000,0.00000,0.00000,,0,0,0,0
2022-02-02,402.80445,140.32611,262.47834,0.00000,189,2,0,0,0,0.00000,0.00000,0.00000,,0,0,0,0
2022-02-03,405.48584,143.23095,262.25489,0.00000,190,2,0,0,0,0.00000,0.00000,0.00000,,0,0,0,0
2022-02-04,408.39068,146.13579,262.25489,0.00000,192,2,0,0,0,0.00000,0.00000,0.00000,,0,0,0,0
2022-02-05,399.67616,146.35924,253.31692,0.00000,192,1,0,0,0,0.00000,0.00000,0.00000,,0,0,0,0
2022-02-06,403.47480,150.15787,253.31692,0.00000,192,1,0,1,0,0.00000,200.00000,0.00000,,0,0,0,0
2022-02-07,404.18238,152.83926,251.34312,0.00000,192,1,0,0,0,0.00000,0.00000,0.00000,,0,0,0,0
2022-02-08,404.18238,152.83926,251.34312,0.00000,192,0,0,0,0,0.00000,0.00000,0.00000,,0,0,0,0
2022-02-09,402.20858,152.83926,249.36932,0.00000,191,0,0,0,0,0.00000,0.00000,0.00000,,0,0,0,0
2022-02-10,403.10238,153.28616,249.81622,0.00000,194,3,0,0,0,0.00000,0.00000,0.00000,,0,0,0,0
2022-02-11,403.10238,153.28616,249.81622,0.00000,194,0,0,0,0,0.00000,0.00000,0.00000,,0,0,0,0
2022-02-12,408.68861,158.87239,249.81622,0.00000,197,3,0,0,0,0.00000,0.00000,0.00000,,0,0,0,0
2022-02-13,408.68861,158.87239,249.81622,0.00000,197,0,0,0,0,0.00000,0.00000,0.00000,,0,0,0,0
2022-02-14,428.12869,170.04485,258.08384,0.00000,200,4,0,1,0,0.00000,200.00000,0.00000,,0,0,0,0
2022-02-15,426.15489,170.04485,256.11004,0.00000,199,0,0,0,0,0.00000,0.00000,0.00000,,0,0,0,0
2022-02-16,423.95764,169.82140,254.13624,0.00000,197,0,0,1,0,0.00000,200.00000,0.00000,,0,0,0,0
2022-02-17,421.98384,169.82140,252.16244,0.00000,196,0,0,0,0,0.00000,0.00000,0.00000,,0,0,0,0
2022-02-18,421.76039,169.59795,252.16244,0.00000,195,0,0,1,0,0.00000,200.00000,0.00000,,0,0,0,0
2022-02-19,421.76039,169.82140,251.93899,0.00000,195,1,0,0,0,0.00000,0.00000,0.00000,,0,0,0,0
2022-02-20,430.25146,178.31247,251.93899,0.00000,197,2,0,0,0,0.00000,0.00000,0.00000,,0,0,0,0
2022-02-21,435.42803,185.46285,249.96519,0.00000,198,2,0,0,0,0.00000,0.00000,0.00000,,0,0,0,0
2022-02-22,437.88597,188.14424,249.74174,0.00000,198,1,0,0,0,0.00000,0.00000,0.00000,,0,0,0,0
2022-02-23,432.33699,193.50702,238.82997,0.00000,198,2,0,0,0,0.00000,0.00000,0.00000,,0,0,0,0
2022-02-24,432.33699,193.50702,238.82997,0.00000,198,0,0,0,0,0.00000,0.00000,0.00000,,0,0,0,0
2022-02-25,432.33699,193.50702,238.82997,0.00000,198,0,0,0,0,0.00000,0.00000,0.00000,,0,0,0,0
2022-02-26,432.11354,193.28357,238.82997,0.00000,197,0,0,1,0,0.00000,200.00000,0.00000,,0,0,0,0
2022-02-27,433.86389,193.06012,240.80377,0.00000,197,1,0,1,0,0.00000,200.00000,0.00000,,0,0,0,0
2022-02-28,434.08734,193.28357,240.80377,0.00000,198,1,0,0,0,0.00000,0.00000,0.00000,,0,0,0,0
2022-03-01,442.80186,201.99809,240.80377,0.00000,200,2,0,0,0,0.00000,0.00000,0.00000,,0,0,0,0
2022-03-02,445.70670,204.90293,240.80377,0.00000,202,2,0,0,0,0.00000,0.00000,0.00000,,0,0,0,0
2022-03-03,445.93015,204.90293,241.02722,0.00000,203,1,0,0,0,0.00000,0.00000,0.00000,,0,0,0,0
2022-03-04,448.83499,207.58432,241.25067,0.00000,205,2,0,0,0,0.00000,0.00000,0.00000,,0,0,0,0
2022-03-05,450.17568,207.80777,242.36791,0.00000,208,3,0,0,0,0.00000,0.00000,0.00000,,0,0,0,0
2022-03-06,450.17568,207.80777,242.36791,0.00000,208,0,0,0,0,0.00000,0.00000,0.00000,,0,0,0,0
2022-03-07,453.52742,210.48916,243.03826,0.00000,210,3,0,1,0,0.00000,200.00000,0.00000,,0,0,0,0
2022-03-08,458.89020,215.85194,243.03826,0.00000,212,2,0,0,0,0.00000,0.00000,0.00000,,0,0,0,0
2022-03-09,460.86400,215.85194,245.01206,0.00000,213,1,0,0,0,0.00000,0.00000,0.00000,,0,0,0,0
2022-03-10,461.08745,216.07539,245.01206,0.00000,214,1,0,0,0,0.00000,0.00000,0.00000,,0,0,0,0
2022-03-11,462.24194,218.75678,243.48516,0.00000,215,2,0,0,0,0.00000,0.00000,0.00000,,0,0,0,0
2022-03-12,470.50956,227.02440,243.48516,0.00000,216,1,0,0,0,0.00000,0.00000,0.00000,,0,0,0,0
2022-03-13,470.50956,227.02440,243.48516,0.00000,216,0,0,0,0,0.00000,0.00000,0.00000,,0,0,0,0
2022-03-14,471.17991,227.02440,244.15551,0.00000,217,1,0,0,0,0.00000,0.00000,0.00000,,0,0,0,0
2022-03-15,480.15512,229.70579,250.44932,0.00000,218,3,0,1,0,0.00000,200.00000,0.00000,,0,0,0,0
2022-03-16,480.15512,229.70579,250.44932,0.00000,218,1,0,1,0,0.00000,200.00000,0.00000,,0,0,0,0
2022-03-17,490.65723,240.20791,250.44932,0.00000,220,2,0,0,0,0.00000,0.00000,0.00000,,0,0,0,0
2022-03-18,490.65723,240.20791,250.44932,0.00000,220,0,0,0,0,0.00000,0.00000,0.00000,,0,0,0,0
2022-03-19,491.58827,243.11274,248.47552,0.00000,221,2,0,0,0,0.00000,0.00000,0.00000,,0,0,0,0
2022-03-20,491.36482,242.88930,248.47552,0.00000,220,0,0,1,0,0.00000,200.00000,0.00000,,0,0,0,0
2022-03-21,491.36482,242.88930,248.47552,0.00000,220,0,0,0,0,0.00000,0.00000,0.00000,,0,0,0,0
2022-03-22,484.25169,246.01758,238.23410,0.00000,220,2,0,0,0,0.00000,0.00000,0.00000,,0,0,0,0
2022-03-23,486.93308,248.69898,238.23410,0.00000,221,1,0,0,0,0.00000,0.00000,0.00000,,0,0,0,0
2022-03-24,486.93308,248.69898,238.23410,0.00000,221,0,0,0,0,0.00000,0.00000,0.00000,,0,0,0,0
2022-03-25,486.70963,248.47553,238.23410,0.00000,220,0,0,1,0,0.00000,200.00000,0.00000,,0,0,0,0
2022-03-26,487.78963,248.47553,239.31411,0.00000,219,1,0,0,0,0.00000,0.00000,0.00000,,0,0,0,0
2022-03-27,490.47102,251.15692,239.31411,0.00000,220,1,0,0,0,0.00000,0.00000,0.00000,,0,0,0,0
2022-03-28,490.47102,251.15692,239.31411,0.00000,220,0,0,0,0,0.00000,0.00000,0.00000,,0,0,0,0
2022-03-29,490.47102,251.15692,239.31411,0.00000,220,0,0,0,0,0.00000,0.00000,0.00000,,0,0,0,0
2022-03-30,492.44482,251.15692,241.28791,0.00000,221,1,0,0,0,0.00000,0.00000,0.00000,,0,0,0,0
2022-03-31,492.44482,251.15692,241.28791,0.00000,221,0,0,0,0,0.00000,0.00000,0.00000,,0,0,0,0
2022-04-01,492.22137,259.87144,232.34994,0.00000,222,2,0,0,0,0.00000,0.00000,0.00000,,0,0,0,0
2022-04-02,501.15934,259.87144,241.28791,0.00000,223,1,0,0,0,0.00000,0.00000,0.00000,,0,0,0,0
2022-04-03,503.17039,262.55283,240.61756,0.00000,222,1,0,0,0,0.00000,0.00000,0.00000,,0,0,0,0
2022-04-04,502.72349,262.10593,240.61756,0.00000,221,0,0,1,0,0.00000,200.00000,0.00000,,0,0,0,0
2022-04-05,502.27659,261.65903,240.61756,0.00000,220,0,0,1,0,0.00000,200.00000,0.00000,,0,0,0,0
2022-04-06,502.27659,261.65903,240.61756,0.00000,220,0,0,0,0,0.00000,0.00000,0.00000,,0,0,0,0
2022-04-07,507.63937,267.02181,240.61756,0.00000,222,2,0,0,0,0.00000,0.00000,0.00000,,0,0,0,0
2022-04-08,499.59520,267.24526,232.34994,0.00000,222,1,0,0,0,0.00000,0.00000,0.00000,,0,0,0,0
2022-04-09,502.05314,269.92665,232.12649,0.00000,222,1,0,0,0,0.00000,0.00000,0.00000,,0,0,0,0
2022-04-10,513.00215,272.60804,240.39411,0.00000,224,2,0,0,0,0.00000,0.00000,0.00000,,0,0,0,0
2022-04-11,527.07945,277.74737,249.33208,0.00000,226,3,0,1,0,0.00000,200.00000,0.00000,,0,0,0,0
2022-04-12,534.22983,284.89775,249.33208,0.00000,228,2,0,0,0,0.00000,0.00000,0.00000,,0,0,0,0
2022-04-13,534.22983,284.89775,249.33208,0.00000,228,0,0,0,0,0.00000,0.00000,0.00000,,0,0,0,0
2022-04-14,534.00638,284.67430,249.33208,0.00000,227,0,0,1,0,0.00000,200.00000,0.00000,,0,0,0,0
2022-04-15,542.27400,292.94192,249.33208,0.00000,228,1,0,0,0,0.00000,0.00000,0.00000,,0,0,0,0
2022-04-16,542.49745,293.16537,249.33208,0.00000,229,1,0,0,0,0.00000,0.00000,0.00000,,0,0,0,0
2022-04-17,548.79127,293.16537,255.62590,0.00000,229,1,0,0,0,0.00000,0.00000,0.00000,,0,0,0,0
2022-04-18,549.01472,293.38882,255.62590,0.00000,230,1,0,0,0,0.00000,0.00000,0.00000,,0,0,0,0
2022-04-19,542.05055,293.38882,248.66173,0.00000,230,1,0,0,0,0.00000,0.00000,0.00000,,0,0,0,0
2022-04-20,542.27400,293.61227,248.66173,0.00000,231,1,0,0,0,0.00000,0.00000,0.00000,,0,0,0,0
2022-04-21,552.51542,293.61227,258.90315,0.00000,233,2,0,0,0,0.00000,0.00000,0.00000,,0,0,0,0
2022-04-22,552.73887,293.83572,258.90315,0.00000,234,1,0,0,0,0.00000,0.00000,0.00000,,0,0,0,0
2022-04-23,552.73887,293.83572,258.90315,0.00000,234,0,0,0,0,0.00000,0.00000,0.00000,,0,0,0,0
2022-04-24,552.73887,293.83572,258.90315,0.00000,234,1,0,1,0,0.00000,200.00000,0.00000,,0,0,0,0
2022-04-25,557.20785,298.30470,258.90315,0.00000,235,1,0,0,0,0.00000,0.00000,0.00000,,0,0,0,0
2022-04-26,555.23405,298.30470,256.92935,0.00000,234,0,0,0,0,0.00000,0.00000,0.00000,,0,0,0,0
2022-04-27,553.26025,298.30470,254.95555,0.00000,233,0,0,0,0,0.00000,0.00000,0.00000,,0,0,0,0
2022-04-28,546.10988,300.09229,246.01758,0.00000,232,1,0,1,0,0.00000,200.00000,0.00000,,0,0,0,0
2022-04-29,535.16087,297.41090,237.74996,0.00000,230,0,0,1,0,0.00000,200.00000,0.00000,,0,0,0,0
2022-04-30,535.38431,297.63435,237.74996,0.00000,231,1,0,0,0,0.00000,0.00000,0.00000,,0,0,0,0
2022-05-01,527.11669,297.63435,229.48234,0.00000,230,0,0,0,0,0.00000,0.00000,0.00000,,0,0,0,0
2022-05-02,527.56359,298.08125,229.48234,0.00000,231,1,0,0,0,0.00000,0.00000,0.00000,,0,0,0,0
2022-05-03,527.56359,298.08125,229.48234,0.00000,231,1,0,1,0,0.00000,200.00000,0.00000,,0,0,0,0
2022-05-04,530.24498,300.76264,229.48234,0.00000,232,1,0,0,0,0.00000,0.00000,0.00000,,0,0,0,0
2022-05-05,530.46843,300.98609,229.48234,0.00000,233,1,0,0,0,0.00000,0.00000,0.00000,,0,0,0,0
2022-05-06,530.24498,300.76264,229.48234,0.00000,232,0,0,1,0,0.00000,200.00000,0.00000,,0,0,0,0
2022-05-07,534.71397,305.23163,229.48234,0.00000,233,1,0,0,0,0.00000,0.00000,0.00000,,0,0,0,0
2022-05-08,535.42156,307.91302,227.50854,0.00000,233,1,0,0,0,0.00000,0.00000,0.00000,,0,0,0,0
2022-05-09,534.71397,305.23163,229.48234,0.00000,233,1,0,1,0,0.00000,200.00000,0.00000,,0,0,0,0
2022-05-10,535.38431,305.23163,230.15269,0.00000,234,1,0,0,0,0.00000,0.00000,0.00000,,0,0,0,0
2022-05-11,535.38431,305.23163,230.15269,0.00000,234,0,0,0,0,0.00000,0.00000,0.00000,,0,0,0,0
2022-05-12,535.38431,305.00818,230.37614,0.00000,234,1,0,1,0,0.00000,200.00000,0.00000,,0,0,0,0
2022-05-13,535.38431,305.00818,230.37614,0.00000,234,0,0,0,0,0.00000,0.00000,0.00000,,0,0,0,0
2022-05-14,535.38431,305.00818,230.37614,0.00000,234,0,0,0,0,0.00000,0.00000,0.00000,,0,0,0,0
2022-05-15,543.65194,313.27580,230.37614,0.00000,235,1,0,0,0,0.00000,0.00000,0.00000,,0,0,0,0
2022-05-16,541.67813,313.27580,228.40234,0.00000,234,0,0,0,0,0.00000,0.00000,0.00000,,0,0,0,0
2022-05-17,541.67813,313.27580,228.40234,0.00000,234,0,0,0,0,0.00000,0.00000,0.00000,,0,0,0,0
2022-05-18,541.45468,313.05235,228.40234,0.00000,233,0,0,1,0,0.00000,200.00000,0.00000,,0,0,0,0
2022-05-19,547.48781,319.08548,228.40234,0.00000,234,1,0,0,0,0.00000,0.00000,0.00000,,0,0,0,0
2022-05-20,547.48781,319.08548,228.40234,0.00000,234,0,0,0,0,0.00000,0.00000,0.00000,,0,0,0,0
2022-05-21,552.66439,327.35310,225.31129,0.00000,232,1,0,0,0,0.00000,0.00000,0.00000,,0,0,0,0
2022-05-22,552.92508,330.03449,222.89059,0.00000,231,1,0,0,0,0.00000,0.00000,0.00000,,0,0,0,0
2022-05-23,561.41615,338.74901,222.66714,0.00000,232,2,0,0,0,0.00000,0.00000,0.00000,,0,0,0,0
2022-05-24,561.19270,338.52556,222.66714,0.00000,231,0,0,1,0,0.00000,200.00000,0.00000,,0,0,0,0
2022-05-25,561.19270,338.52556,222.66714,0.00000,231,0,0,0,0,0.00000,0.00000,0.00000,,0,0,0,0
2022-05-26,563.87409,341.20695,222.66714,0.00000,232,1,0,0,0,0.00000,0.00000,0.00000,,0,0,0,0
2022-05-27,566.33203,343.66489,222.66714,0.00000,232,1,0,1,0,0.00000,200.00000,0.00000,,0,0,0,0
2022-05-28,569.23687,346.56973,222.66714,0.00000,234,2,0,0,0,0.00000,0.00000,0.00000,,0,0,0,0
2022-05-29,569.23687,346.56973,222.66714,0.00000,234,0,0,0,0,0.00000,0.00000,0.00000,,0,0,0,0
2022-05-30,569.23687,346.56973,222.66714,0.00000,234,0,0,0,0,0.00000,0.00000,0.00000,,0,0,0,0
2022-05-31,577.95139,355.28425,222.66714,0.00000,236,2,0,0,0,0.00000,0.00000,0.00000,,0,0,0,0
2022-06-01,571.69481,357.96564,213.72917,0.00000,236,1,0,0,0,0.00000,0.00000,0.00000,,0,0,0,0
2022-06-02,574.37620,360.64703,213.72917,0.00000,237,1,0,0,0,0.00000,0.00000,0.00000,,0,0,0,0
2022-06-03,580.18588,366.45671,213.72917,0.00000,237,1,0,1,0,0.00000,200.00000,0.00000,,0,0,0,0
2022-06-04,579.51553,374.72433,204.79120,0.00000,237,1,0,0,0,0.00000,0.00000,0.00000,,0,0,0,0
2022-06-05,573.92930,377.40572,196.52358,0.00000,237,1,0,0,0,0.00000,0.00000,0.00000,,0,0,0,0
2022-06-06,573.92930,377.40572,196.52358,0.00000,237,0,0,0,0,0.00000,0.00000,0.00000,,0,0,0,0
2022-06-07,576.38725,379.86366,196.52358,0.00000,237,1,0,1,0,0.00000,200.00000,0.00000,,0,0,0,0
2022-06-08,576.38725,379.86366,196.52358,0.00000,237,0,0,0,0,0.00000,0.00000,0.00000,,0,0,0,0
2022-06-09,574.41344,379.86366,194.54978,0.00000,236,0,0,0,0,0.00000,0.00000,0.00000,,0,0,0,0
2022-06-10,579.06864,382.54505,196.52358,0.00000,238,2,0,0,0,0.00000,0.00000,0.00000,,0,0,0,0
2022-06-11,582.19692,385.22644,196.97048,0.00000,240,2,0,0,0,0.00000,0.00000,0.00000,,0,0,0,0
2022-06-12,587.33626,390.36578,196.97048,0.00000,241,2,0,1,0,0.00000,200.00000,0.00000,,0,0,0,0
2022-06-13,588.00660,390.36578,197.64083,0.00000,242,1,0,0,0,0.00000,0.00000,0.00000,,0,0,0,0
2022-06-14,593.81628,396.39891,197.41738,0.00000,242,1,0,0,0,0.00000,0.00000,0.00000,,0,0,0,0
2022-06-15,594.03973,396.62235,197.41738,0.00000,243,1,0,0,0,0.00000,0.00000,0.00000,,0,0,0,0
2022-06-16,594.03973,396.62235,197.41738,0.00000,243,0,0,0,0,0.00000,0.00000,0.00000,,0,0,0,0
2022-06-17,602.30735,404.88998,197.41738,0.00000,244,1,0,0,0,0.00000,0.00000,0.00000,,0,0,0,0
2022-06-18,605.43564,408.01826,197.41738,0.00000,246,2,0,0,0,0.00000,0.00000,0.00000,,0,0,0,0
2022-06-19,608.11703,410.69965,197.41738,0.00000,247,1,0,0,0,0.00000,0.00000,0.00000,,0,0,0,0
2022-06-20,611.24532,413.60449,197.64083,0.00000,250,3,0,0,0,0.00000,0.00000,0.00000,,0,0,0,0
2022-06-21,602.97770,405.33687,197.64083,0.00000,249,0,0,1,0,0.00000,200.00000,0.00000,,0,0,0,0
2022-06-22,605.21219,408.01826,197.19393,0.00000,249,1,0,0,0,0.00000,0.00000,0.00000,,0,0,0,0
2022-06-23,615.93776,410.47621,205.46155,0.00000,250,2,0,1,0,0.00000,200.00000,0.00000,,0,0,0,0
2022-06-24,613.96395,410.47621,203.48775,0.00000,249,0,0,0,0,0.00000,0.00000,0.00000,,0,0,0,0
2022-06-25,616.64535,413.15760,203.48775,0.00000,250,1,0,0,0,0.00000,0.00000,0.00000,,0,0,0,0
2022-06-26,616.64535,413.15760,203.48775,0.00000,250,0,0,0,0,0.00000,0.00000,0.00000,,0,0,0,0
2022-06-27,614.67154,413.15760,201.51395,0.00000,249,0,0,0,0,0.00000,0.00000,0.00000,,0,0,0,0
2022-06-28,614.67154,413.15760,201.51395,0.00000,249,0,0,0,0,0.00000,0.00000,0.00000,,0,0,0,0
2022-06-29,616.23569,414.72174,201.51395,0.00000,250,1,0,0,0,0.00000,0.00000,0.00000,,0,0,0,0
2022-06-30,624.50331,422.98936,201.51395,0.00000,251,1,0,0,0,0.00000,0.00000,0.00000,,0,0,0,0
2022-07-01,630.08954,420.30797,209.78157,0.00000,251,1,0,1,0,0.00000,200.00000,0.00000,,0,0,0,0
2022-07-02,629.41919,420.30797,209.11122,0.00000,250,0,0,0,0,0.00000,0.00000,0.00000,,0,0,0,0
2022-07-03,629.19574,420.08452,209.11122,0.00000,249,0,0,1,0,0.00000,200.00000,0.00000,,0,0,0,0
2022-07-04,625.24814,420.08452,205.16362,0.00000,247,1,0,1,0,0.00000,200.00000,0.00000,,0,0,0,0
2022-07-05,627.22194,420.08452,207.13742,0.00000,248,1,0,0,0,0.00000,0.00000,0.00000,,0,0,0,0
2022-07-06,626.77504,420.08452,206.69052,0.00000,247,0,0,0,0,0.00000,0.00000,0.00000,,0,0,0,0
2022-07-07,626.32814,420.08452,206.24362,0.00000,246,0,0,0,0,0.00000,0.00000,0.00000,,0,0,0,0
2022-07-08,628.11574,421.87212,206.24362,0.00000,248,2,0,0,0,0.00000,0.00000,0.00000,,0,0,0,0
2022-07-09,628.11574,421.87212,206.24362,0.00000,248,0,0,0,0,0.00000,0.00000,0.00000,,0,0,0,0
2022-07-10,630.79713,424.55351,206.24362,0.00000,249,1,0,0,0,0.00000,0.00000,0.00000,,0,0,0,0
2022-07-11,633.47852,427.23490,206.24362,0.00000,250,2,0,0,0,0.00000,0.00000,0.00000,,0,0,0,0
2022-07-12,633.47852,427.23490,206.24362,0.00000,250,0,0,0,0,0.00000,0.00000,0.00000,,0,0,0,0
2022-07-13,633.47852,427.23490,206.24362,0.00000,250,0,0,0,0,0.00000,0.00000,0.00000,,0,0,0,0
2022-07-14,623.01365,427.68180,195.33185,0.00000,250,2,0,0,0,0.00000,0.00000,0.00000,,0,0,0,0
2022-07-15,623.01365,427.68180,195.33185,0.00000,250,0,0,0,0,0.00000,0.00000,0.00000,,0,0,0,0
2022-07-16,645.58202,441.31220,204.26982,0.00000,254,4,0,0,0,0.00000,0.00000,0.00000,,0,0,0,0
2022-07-17,645.35857,441.08875,204.26982,0.00000,253,0,0,1,0,0.00000,200.00000,0.00000,,0,0,0,0
2022-07-18,645.35857,441.08875,204.26982,0.00000,253,0,0,0,0,0.00000,0.00000,0.00000,,0,0,0,0
2022-07-19,652.95584,449.35637,203.59947,0.00000,252,2,0,1,0,0.00000,200.00000,0.00000,,0,0,0,0
2022-07-20,651.39170,447.79222,203.59947,0.00000,251,0,0,1,0,0.00000,200.00000,0.00000,,0,0,0,0
2022-07-21,651.16825,447.56878,203.59947,0.00000,250,0,0,1,0,0.00000,200.00000,0.00000,,0,0,0,0
2022-07-22,653.84964,450.25017,203.59947,0.00000,251,1,0,0,0,0.00000,0.00000,0.00000,,0,0,0,0
2022-07-23,662.78761,450.25017,212.53744,0.00000,252,1,0,0,0,0.00000,0.00000,0.00000,,0,0,0,0
2022-07-24,662.78761,450.25017,212.53744,0.00000,252,0,0,0,0,0.00000,0.00000,0.00000,,0,0,0,0
2022-07-25,663.01106,450.47362,212.53744,0.00000,253,1,0,0,0,0.00000,0.00000,0.00000,,0,0,0,0
2022-07-26,665.91590,453.37845,212.53744,0.00000,255,2,0,0,0,0.00000,0.00000,0.00000,,0,0,0,0
2022-07-27,670.57109,456.05985,214.51124,0.00000,257,2,0,0,0,0.00000,0.00000,0.00000,,0,0,0,0
2022-07-28,670.57109,456.05985,214.51124,0.00000,257,0,0,0,0,0.00000,0.00000,0.00000,,0,0,0,0
2022-07-29,670.12419,455.61295,214.51124,0.00000,256,0,0,1,0,0.00000,200.00000,0.00000,,0,0,0,0
2022-07-30,670.60833,457.40054,213.20779,0.00000,256,2,0,1,0,0.00000,200.00000,0.00000,,0,0,0,0
2022-07-31,675.07731,461.86953,213.20779,0.00000,257,1,0,0,0,0.00000,0.00000,0.00000,,0,0,0,0
2022-08-01,673.51317,460.30538,213.20779,0.00000,256,1,0,2,0,0.00000,400.00000,0.00000,,0,0,0,0
2022-08-02,673.51317,460.30538,213.20779,0.00000,256,0,0,0,0,0.00000,0.00000,0.00000,,0,0,0,0
2022-08-03,671.53937,460.30538,211.23399,0.00000,255,0,0,0,0,0.00000,0.00000,0.00000,,0,0,0,0
2022-08-04,675.78490,464.55092,211.23399,0.00000,257,2,0,0,0,0.00000,0.00000,0.00000,,0,0,0,0
2022-08-05,680.03044,468.79645,211.23399,0.00000,257,1,0,1,0,0.00000,200.00000,0.00000,,0,0,0,0
2022-08-06,680.03044,468.79645,211.23399,0.00000,257,0,0,0,0,0.00000,0.00000,0.00000,,0,0,0,0
2022-08-07,680.03044,468.79645,211.23399,0.00000,257,0,0,0,0,0.00000,0.00000,0.00000,,0,0,0,0
2022-08-08,671.53937,468.57300,202.96637,0.00000,256,1,0,1,0,0.00000,200.00000,0.00000,,0,0,0,0
2022-08-09,673.51317,468.57300,204.94017,0.00000,257,1,0,0,0,0.00000,0.00000,0.00000,,0,0,0,0
2022-08-10,673.06627,468.12610,204.94017,0.00000,256,0,0,1,0,0.00000,200.00000,0.00000,,0,0,0,0
2022-08-11,673.06627,468.12610,204.94017,0.00000,256,0,0,0,0,0.00000,0.00000,0.00000,,0,0,0,0
2022-08-12,676.19456,471.25439,204.94017,0.00000,258,2,0,0,0,0.00000,0.00000,0.00000,,0,0,0,0
2022-08-13,678.87595,473.93578,204.94017,0.00000,259,1,0,0,0,0.00000,0.00000,0.00000,,0,0,0,0
2022-08-14,679.54630,474.15923,205.38707,0.00000,261,2,0,0,0,0.00000,0.00000,0.00000,,0,0,0,0
2022-08-15,681.78079,476.84062,204.94017,0.00000,261,2,0,0,0,0.00000,0.00000,0.00000,,0,0,0,0
2022-08-16,681.33389,476.39372,204.94017,0.00000,260,0,0,1,0,0.00000,200.00000,0.00000,,0,0,0,0
2022-08-17,686.69667,481.75651,204.94017,0.00000,262,2,0,0,0,0.00000,0.00000,0.00000,,0,0,0,0
2022-08-18,691.16566,486.22549,204.94017,0.00000,263,1,0,0,0,0.00000,0.00000,0.00000,,0,0,0,0
2022-08-19,699.43328,486.22549,213.20779,0.00000,264,1,0,0,0,0.00000,0.00000,0.00000,,0,0,0,0
2022-08-20,713.73403,500.52624,213.20779,0.00000,266,2,0,0,0,0.00000,0.00000,0.00000,,0,0,0,0
2022-08-21,711.98368,500.52624,211.45744,0.00000,266,1,0,0,0,0.00000,0.00000,0.00000,,0,0,0,0
2022-08-22,719.13405,507.67661,211.45744,0.00000,268,2,0,0,0,0.00000,0.00000,0.00000,,0,0,0,0
2022-08-23,727.40167,507.67661,219.72506,0.00000,269,1,0,0,0,0.00000,0.00000,0.00000,,0,0,0,0
2022-08-24,732.50376,510.35800,222.14576,0.00000,272,3,0,0,0,0.00000,0.00000,0.00000,,0,0,0,0
2022-08-25,732.28031,510.35800,221.92231,0.00000,271,0,0,0,0,0.00000,0.00000,0.00000,,0,0,0,0
2022-08-26,730.97686,510.58145,220.39541,0.00000,272,2,0,0,0,0.00000,0.00000,0.00000,,0,0,0,0
2022-08-27,731.42376,510.58145,220.84230,0.00000,273,1,0,0,0,0.00000,0.00000,0.00000,,0,0,0,0
2022-08-28,734.10515,513.26284,220.84230,0.00000,274,1,0,0,0,0.00000,0.00000,0.00000,,0,0,0,0
2022-08-29,734.10515,513.26284,220.84230,0.00000,274,0,0,0,0,0.00000,0.00000,0.00000,,0,0,0,0
2022-08-30,734.10515,513.26284,220.84230,0.00000,274,0,0,0,0,0.00000,0.00000,0.00000,,0,0,0,0
2022-08-31,734.10515,513.26284,220.84230,0.00000,274,0,0,0,0,0.00000,0.00000,0.00000,,0,0,0,0
2022-09-01,742.37277,513.26284,229.10993,0.00000,275,1,0,0,0,0.00000,0.00000,0.00000,,0,0,0,0
2022-09-02,742.37277,513.26284,229.10993,0.00000,275,1,0,1,0,0.00000,200.00000,0.00000,,0,0,0,0
2022-09-03,740.39897,513.26284,227.13612,0.00000,274,0,0,0,0,0.00000,0.00000,0.00000,,0,0,0,0
2022-09-04,740.17552,513.03940,227.13612,0.00000,273,0,0,1,0,0.00000,200.00000,0.00000,,0,0,0,0
2022-09-05,738.64862,513.03940,225.60922,0.00000,273,1,0,0,0,0.00000,0.00000,0.00000,,0,0,0,0
2022-09-06,738.42517,512.81595,225.60922,0.00000,272,0,0,1,0,0.00000,200.00000,0.00000,,0,0,0,0
2022-09-07,738.42517,512.81595,225.60922,0.00000,272,0,0,0,0,0.00000,0.00000,0.00000,,0,0,0,0
2022-09-08,740.39897,512.81595,227.58302,0.00000,273,1,0,0,0,0.00000,0.00000,0.00000,,0,0,0,0
2022-09-09,746.43210,518.84907,227.58302,0.00000,275,2,0,0,0,0.00000,0.00000,0.00000,,0,0,0,0
2022-09-10,749.33694,521.75391,227.58302,0.00000,277,2,0,0,0,0.00000,0.00000,0.00000,,0,0,0,0
2022-09-11,749.56039,521.75391,227.80647,0.00000,278,1,0,0,0,0.00000,0.00000,0.00000,,0,0,0,0
2022-09-12,752.24178,524.43530,227.80647,0.00000,279,1,0,0,0,0.00000,0.00000,0.00000,,0,0,0,0
2022-09-13,752.24178,524.43530,227.80647,0.00000,279,0,0,0,0,0.00000,0.00000,0.00000,,0,0,0,0
2022-09-14,754.92317,526.66980,228.25337,0.00000,280,2,0,1,0,0.00000,200.00000,0.00000,,0,0,0,0
2022-09-15,752.01833,532.70293,219.31540,0.00000,280,1,0,0,0,0.00000,0.00000,0.00000,,0,0,0,0
2022-09-16,746.87900,535.83121,211.04778,0.00000,281,2,0,0,0,0.00000,0.00000,0.00000,,0,0,0,0
2022-09-17,746.87900,535.83121,211.04778,0.00000,281,0,0,0,0,0.00000,0.00000,0.00000,,0,0,0,0
2022-09-18,751.34798,540.30020,211.04778,0.00000,282,2,0,1,0,0.00000,200.00000,0.00000,,0,0,0,0
2022-09-19,751.34798,540.30020,211.04778,0.00000,282,0,0,0,0,0.00000,0.00000,0.00000,,0,0,0,0
2022-09-20,754.02937,542.98159,211.04778,0.00000,283,1,0,0,0,0.00000,0.00000,0.00000,,0,0,0,0
2022-09-21,754.02937,542.98159,211.04778,0.00000,283,0,0,0,0,0.00000,0.00000,0.00000,,0,0,0,0
2022-09-22,756.00317,542.98159,213.02158,0.00000,284,1,0,0,0,0.00000,0.00000,0.00000,,0,0,0,0
2022-09-23,756.00317,542.98159,213.02158,0.00000,284,0,0,0,0,0.00000,0.00000,0.00000,,0,0,0,0
2022-09-24,757.56732,544.54573,213.02158,0.00000,285,1,0,0,0,0.00000,0.00000,0.00000,,0,0,0,0
2022-09-25,757.56732,544.54573,213.02158,0.00000,285,0,0,0,0,0.00000,0.00000,0.00000,,0,0,0,0
2022-09-26,752.68868,541.64089,211.04778,0.00000,282,0,0,2,0,0.00000,400.00000,0.00000,,0,0,0,0
2022-09-27,752.68868,541.64089,211.04778,0.00000,282,0,0,0,0,0.00000,0.00000,0.00000,,0,0,0,0
2022-09-28,752.68868,541.64089,211.04778,0.00000,282,0,0,0,0,0.00000,0.00000,0.00000,,0,0,0,0
2022-09-29,756.93421,545.88643,211.04778,0.00000,284,2,0,0,0,0.00000,0.00000,0.00000,,0,0,0,0
2022-09-30,759.61560,548.56782,211.04778,0.00000,285,1,0,0,0,0.00000,0.00000,0.00000,,0,0,0,0
2022-10-01,761.58940,548.56782,213.02158,0.00000,286,1,0,0,0,0.00000,0.00000,0.00000,,0,0,0,0
2022-10-02,752.65143,548.56782,204.08361,0.00000,285,0,0,0,0,0.00000,0.00000,0.00000,,0,0,0,0
2022-10-03,759.13146,554.60095,204.53051,0.00000,287,2,0,0,0,0.00000,0.00000,0.00000,,0,0,0,0
2022-10-04,759.13146,554.60095,204.53051,0.00000,287,0,0,0,0,0.00000,0.00000,0.00000,,0,0,0,0
2022-10-05,759.35491,554.82440,204.53051,0.00000,288,1,0,0,0,0.00000,0.00000,0.00000,,0,0,0,0
2022-10-06,759.57836,555.04785,204.53051,0.00000,289,1,0,0,0,0.00000,0.00000,0.00000,,0,0,0,0
2022-10-07,772.50117,565.99686,206.50431,0.00000,292,3,0,0,0,0.00000,0.00000,0.00000,,0,0,0,0
2022-10-08,772.50117,565.99686,206.50431,0.00000,292,0,0,0,0,0.00000,0.00000,0.00000,,0,0,0,0
2022-10-09,764.01010,557.72924,206.28086,0.00000,291,1,0,1,0,0.00000,200.00000,0.00000,,0,0,0,0
2022-10-10,764.01010,557.72924,206.28086,0.00000,291,0,0,0,0,0.00000,0.00000,0.00000,,0,0,0,0
2022-10-11,760.65836,554.37750,206.28086,0.00000,291,1,0,1,0,0.00000,200.00000,0.00000,,0,0,0,0
2022-10-12,762.18527,554.37750,207.80777,0.00000,291,1,0,0,0,0.00000,0.00000,0.00000,,0,0,0,0
2022-10-13,761.73837,553.93060,207.80777,0.00000,290,0,0,1,0,0.00000,200.00000,0.00000,,0,0,0,0
2022-10-14,766.39356,556.61199,209.78157,0.00000,292,2,0,0,0,0.00000,0.00000,0.00000,,0,0,0,0
2022-10-15,766.39356,556.61199,209.78157,0.00000,292,1,0,1,0,0.00000,200.00000,0.00000,,0,0,0,0
2022-10-16,772.42669,562.64512,209.78157,0.00000,293,1,0,0,0,0.00000,0.00000,0.00000,,0,0,0,0
2022-10-17,772.65014,562.86857,209.78157,0.00000,294,1,0,0,0,0.00000,0.00000,0.00000,,0,0,0,0
2022-10-18,775.10808,565.99686,209.11122,0.00000,295,2,0,0,0,0.00000,0.00000,0.00000,,0,0,0,0
2022-10-19,775.10808,565.99686,209.11122,0.00000,295,0,0,0,0,0.00000,0.00000,0.00000,,0,0,0,0
2022-10-20,775.55498,565.99686,209.55812,0.00000,296,1,0,0,0,0.00000,0.00000,0.00000,,0,0,0,0
2022-10-21,777.78947,568.67825,209.11122,0.00000,296,1,0,0,0,0.00000,0.00000,0.00000,,0,0,0,0
2022-10-22,767.54805,568.67825,198.86980,0.00000,294,0,0,0,0,0.00000,0.00000,0.00000,,0,0,0,0
2022-10-23,772.91083,574.04103,198.86980,0.00000,296,2,0,0,0,0.00000,0.00000,0.00000,,0,0,0,0
2022-10-24,773.61842,576.72242,196.89600,0.00000,296,1,0,0,0,0.00000,0.00000,0.00000,,0,0,0,0
2022-10-25,776.29981,579.40381,196.89600,0.00000,297,1,0,0,0,0.00000,0.00000,0.00000,,0,0,0,0
2022-10-26,778.53430,582.08520,196.44910,0.00000,297,1,0,0,0,0.00000,0.00000,0.00000,,0,0,0,0
2022-10-27,781.21569,584.76659,196.44910,0.00000,298,1,0,0,0,0.00000,0.00000,0.00000,,0,0,0,0
2022-10-28,781.21569,584.76659,196.44910,0.00000,298,0,0,0,0,0.00000,0.00000,0.00000,,0,0,0,0
2022-10-29,799.72473,593.03421,206.69052,0.00000,301,3,0,0,0,0.00000,0.00000,0.00000,,0,0,0,0
2022-10-30,800.17163,593.48111,206.69052,0.00000,302,1,0,0,0,0.00000,0.00000,0.00000,,0,0,0,0
2022-10-31,804.56613,593.48111,211.08502,0.00000,305,3,0,0,0,0.00000,0.00000,0.00000,,0,0,0,0
2022-11-01,804.56613,593.48111,211.08502,0.00000,305,0,0,0,0,0.00000,0.00000,0.00000,,0,0,0,0
2022-11-02,804.34268,593.25766,211.08502,0.00000,304,0,0,1,0,0.00000,200.00000,0.00000,,0,0,0,0
2022-11-03,807.24752,596.16250,211.08502,0.00000,306,2,0,0,0,0.00000,0.00000,0.00000,,0,0,0,0
2022-11-04,818.64343,598.62044,220.02299,0.00000,307,2,0,1,0,0.00000,200.00000,0.00000,,0,0,0,0
2022-11-05,818.64343,598.62044,220.02299,0.00000,307,0,0,0,0,0.00000,0.00000,0.00000,,0,0,0,0
2022-11-06,818.64343,598.62044,220.02299,0.00000,307,0,0,0,0,0.00000,0.00000,0.00000,,0,0,0,0
2022-11-07,817.97309,598.62044,219.35264,0.00000,306,0,0,0,0,0.00000,0.00000,0.00000,,0,0,0,0
2022-11-08,827.13450,598.84389,228.29061,0.00000,308,2,0,0,0,0.00000,0.00000,0.00000,,0,0,0,0
2022-11-09,827.13450,598.84389,228.29061,0.00000,308,0,0,0,0,0.00000,0.00000,0.00000,,0,0,0,0
2022-11-10,827.35795,599.06734,228.29061,0.00000,309,1,0,0,0,0.00000,0.00000,0.00000,,0,0,0,0
2022-11-11,827.80485,599.06734,228.73751,0.00000,310,1,0,0,0,0.00000,0.00000,0.00000,,0,0,0,0
2022-11-12,836.51937,607.78186,228.73751,0.00000,312,2,0,0,0,0.00000,0.00000,0.00000,,0,0,0,0
2022-11-13,836.51937,607.78186,228.73751,0.00000,312,0,0,0,0,0.00000,0.00000,0.00000,,0,0,0,0
2022-11-14,839.20076,610.46325,228.73751,0.00000,313,1,0,0,0,0.00000,0.00000,0.00000,,0,0,0,0
2022-11-15,841.65870,612.92119,228.73751,0.00000,313,1,0,1,0,0.00000,200.00000,0.00000,,0,0,0,0
2022-11-16,841.65870,612.92119,228.73751,0.00000,313,0,0,0,0,0.00000,0.00000,0.00000,,0,0,0,0
2022-11-17,844.34009,615.60258,228.73751,0.00000,314,1,0,0,0,0.00000,0.00000,0.00000,,0,0,0,0
2022-11-18,847.02148,618.28397,228.73751,0.00000,315,1,0,0,0,0.00000,0.00000,0.00000,,0,0,0,0
2022-11-19,855.47531,624.76400,230.71131,0.00000,318,3,0,0,0,0.00000,0.00000,0.00000,,0,0,0,0
2022-11-20,855.47531,624.76400,230.71131,0.00000,318,0,0,0,0,0.00000,0.00000,0.00000,,0,0,0,0
2022-11-21,857.44911,624.76400,232.68511,0.00000,319,1,0,0,0,0.00000,0.00000,0.00000,,0,0,0,0
2022-11-22,863.92914,630.79713,233.13201,0.00000,321,2,0,0,0,0.00000,0.00000,0.00000,,0,0,0,0
2022-11-23,864.37604,630.79713,233.57891,0.00000,322,1,0,0,0,0.00000,0.00000,0.00000,,0,0,0,0
2022-11-24,864.37604,630.79713,233.57891,0.00000,322,0,0,0,0,0.00000,0.00000,0.00000,,0,0,0,0
2022-11-25,866.34984,630.79713,235.55271,0.00000,323,1,0,0,0,0.00000,0.00000,0.00000,,0,0,0,0
2022-11-26,869.03123,633.47852,235.55271,0.00000,324,1,0,0,0,0.00000,0.00000,0.00000,,0,0,0,0
2022-11-27,869.03123,633.47852,235.55271,0.00000,324,0,0,0,0,0.00000,0.00000,0.00000,,0,0,0,0
2022-11-28,871.48917,635.93646,235.55271,0.00000,324,1,0,1,0,0.00000,200.00000,0.00000,,0,0,0,0
2022-11-29,873.94711,638.39440,235.55271,0.00000,324,1,0,1,0,0.00000,200.00000,0.00000,,0,0,0,0
2022-11-30,873.72367,638.17095,235.55271,0.00000,323,0,0,1,0,0.00000,200.00000,0.00000,,0,0,0,0
2022-12-01,875.06436,639.73510,235.32926,0.00000,323,1,0,0,0,0.00000,0.00000,0.00000,,0,0,0,0
2022-12-02,874.61746,639.73510,234.88236,0.00000,322,0,0,0,0,0.00000,0.00000,0.00000,,0,0,0,0
2022-12-03,890.92925,647.77927,243.14998,0.00000,323,2,0,1,0,0.00000,200.00000,0.00000,,0,0,0,0
2022-12-04,892.90306,647.77927,245.12379,0.00000,324,1,0,0,0,0.00000,0.00000,0.00000,,0,0,0,0
2022-12-05,895.58445,650.46066,245.12379,0.00000,325,1,0,0,0,0.00000,0.00000,0.00000,,0,0,0,0
2022-12-06,905.19276,660.06898,245.12379,0.00000,327,3,0,1,0,0.00000,200.00000,0.00000,,0,0,0,0
2022-12-07,902.51137,657.38759,245.12379,0.00000,326,0,0,1,0,0.00000,200.00000,0.00000,,0,0,0,0
2022-12-08,902.51137,657.38759,245.12379,0.00000,326,0,0,0,0,0.00000,0.00000,0.00000,,0,0,0,0
2022-12-09,904.74586,659.62208,245.12379,0.00000,325,1,0,2,0,0.00000,400.00000,0.00000,,0,0,0,0
2022-12-10,906.71967,659.62208,247.09759,0.00000,326,1,0,0,0,0.00000,0.00000,0.00000,,0,0,0,0
2022-12-11,906.71967,659.62208,247.09759,0.00000,326,1,0,0,0,0.00000,0.00000,0.00000,,0,0,0,0
2022-12-12,913.16245,664.09106,249.07139,0.00000,328,4,0,2,0,0.00000,400.00000,0.00000,,0,0,0,0
2022-12-13,913.16245,664.09106,249.07139,0.00000,328,0,0,0,0,0.00000,0.00000,0.00000,,0,0,0,0
2022-12-14,913.16245,664.09106,249.07139,0.00000,328,0,0,0,0,0.00000,0.00000,0.00000,,0,0,0,0
2022-12-15,913.16245,664.09106,249.07139,0.00000,328,0,0,0,0,0.00000,0.00000,0.00000,,0,0,0,0
2022-12-16,933.04943,675.04007,258.00936,0.00000,331,3,0,0,0,0.00000,0.00000,0.00000,,0,0,0,0
2022-12-17,931.48529,673.47593,258.00936,0.00000,330,0,0,1,0,0.00000,200.00000,0.00000,,0,0,0,0
2022-12-18,941.98740,676.15732,265.83008,0.00000,331,2,0,0,0,0.00000,0.00000,0.00000,,0,0,0,0
2022-12-19,948.02053,682.19045,265.83008,0.00000,332,1,0,0,0,0.00000,0.00000,0.00000,,0,0,0,0
2022-12-20,950.70192,684.87184,265.83008,0.00000,333,1,0,0,0,0.00000,0.00000,0.00000,,0,0,0,0
2022-12-21,950.70192,684.87184,265.83008,0.00000,333,1,0,1,0,0.00000,200.00000,0.00000,,0,0,0,0
2022-12-22,958.96954,693.13946,265.83008,0.00000,334,1,0,0,0,0.00000,0.00000,0.00000,,0,0,0,0
2022-12-23,958.96954,693.13946,265.83008,0.00000,334,0,0,0,0,0.00000,0.00000,0.00000,,0,0,0,0
2022-12-24,965.71026,693.13946,272.57080,0.00000,335,2,0,0,0,0.00000,0.00000,0.00000,,0,0,0,0
2022-12-25,965.93371,693.36291,272.57080,0.00000,336,1,0,0,0,0.00000,0.00000,0.00000,,0,0,0,0
2022-12-26,965.93371,693.36291,272.57080,0.00000,336,0,0,0,0,0.00000,0.00000,0.00000,,0,0,0,0
2022-12-27,968.61510,696.04430,272.57080,0.00000,337,1,0,0,0,0.00000,0.00000,0.00000,,0,0,0,0
2022-12-28,969.06200,696.49120,272.57080,0.00000,338,1,0,0,0,0.00000,0.00000,0.00000,,0,0,0,0
2022-12-29,972.19029,699.61949,272.57080,0.00000,340,2,0,0,0,0.00000,0.00000,0.00000,,0,0,0,0
2022-12-30,972.19029,699.61949,272.57080,0.00000,340,0,0,0,0,0.00000,0.00000,0.00000,,0,0,0,0
2022-12-31,972.19029,699.61949,272.57080,0.00000,340,0,0,0,0,0.00000,0.00000,0.00000,,0,0,0,0
