Emissions ID,Site ID,Equipment,Component,Status,Days Active,Days Emitting,Estimated Days Active,Date Began,Date Repaired or Expired,Theoretical End Date,Mitigated Emissions (Kg Methane),"""True"" Volume Emitted (Kg Methane)","""Estimated"" Volume Emitted (Kg Methane)","""True"" Rate (g/s)","""Measured"" Rate (g/s)",Initially Detected By,Initially Detected Date,Tagged,Tagged By,Recorded,Recorded By,Repairable
0000000000,ABBT0051093,CatalyticHeater,Connector_0,repaired,283,283,0,2021-10-11,2022-10-11,2022-10-11,0.0,758.8335293856,,0.031034613,,,,True,natural,N/A,N/A,True
0000000001,ABBT0051093,CatalyticHeater,Regulator_0,active,217,217,0,2022-05-29,,2023-05-29,0.0,1794.0737406816002,,0.095690057,,,,False,,N/A,N/A,True
0000000000,ABBT0051093,CatalyticHeater,Regulator_0,repaired,16,16,0,2021-10-14,2022-01-17,2022-10-14,723.975452064,42.9022490112,,0.031034613,0.031034613,OGI,2022-01-01,True,OGI,N/A,N/A,True
0000000000,ABBT0051093,CatalyticHeater,Valve_0,repaired,16,16,0,2021-12-08,2022-01-17,2022-12-08,72.62100144,3.5751877632,,0.002586218,0.002586218,OGI,2022-01-01,True,OGI,N/A,N/A,True
0000000000,ABBT0051093,CatalyticHeater,CatadyneHeater_0,active,277,277,0,2022-03-30,,2023-03-30,0.0,433.26801918719997,,0.018103524,,,,False,,N/A,N/A,True
0000000000,ABBT0051093,FlareKnockOutDrum,Connector_0,repaired,28,28,0,2021-01-29,2022-01-29,2022-01-29,0.0,75.07893576960001,,0.031034613,,,,True,natural,N/A,N/A,True
0000000001,ABBT0051093,FlareKnockOutDrum,Connector_12,active,259,259,0,2022-04-17,,2023-04-17,0.0,1562.5803451104002,,0.069827879,,,,False,,N/A,N/A,True
0000000000,ABBT0051093,FlareKnockOutDrum,Connector_12,repaired,321,321,0,2021-11-18,2022-11-18,2022-11-18,0.0,860.7263707871999,,0.031034613,,,,True,natural,N/A,N/A,True
0000000000,ABBT0051093,FlareKnockOutDrum,Connector_13,repaired,16,16,0,2021-11-12,2022-01-17,2022-11-12,801.7357783968001,42.9022490112,,0.031034613,0.031034613,OGI,2022-01-01,True,OGI,N/A,N/A,True
0000000000,ABBT0051093,FlareKnockOutDrum,Connector_18,repaired,16,16,0,2021-07-23,2022-01-17,2022-07-23,501.42003531840004,42.9022490112,,0.031034613,0.0168104155,OGI,2022-01-01,True,OGI,N/A,N/A,True
0000000001,ABBT0051093,FlareKnockOutDrum,Connector_18,repaired,16,16,0,2021-12-28,2022-01-17,2022-12-28,77.08998614400001,3.5751877632,,0.002586218,0.0168104155,OGI,2022-01-01,True,OGI,N/A,N/A,True
0000000000,ABBT0051093,FlareKnockOutDrum,Connector_21,repaired,16,16,0,2021-09-05,2022-01-17,2022-09-05,1393.6527402335998,96.5300599296,,0.069827879,0.069827879,OGI,2022-01-01,True,OGI,N/A,N/A,True
0000000000,ABBT0051093,FlareKnockOutDrum,Valve_5,active,329,329,0,2022-02-06,,2023-02-06,0.0,882.1774952928,,0.031034613,,,,False,,N/A,N/A,True
0000000000,ABBT0051093,GasPipelineHeader,Connector_5,active,128,128,0,2022-08-26,,2023-08-26,0.0,28.6015021056,,0.002586218,,,,False,,N/A,N/A,True
0000000000,ABBT0051093,GasPipelineHeader,Connector_36,active,13,13,0,2022-12-19,,2023-12-19,0.0,58.096795536,,0.051724355,,,,False,,N/A,N/A,True
0000000000,ABBT0051093,GasPipelineHeader,Connector_41,repaired,16,16,0,2021-01-26,2022-01-17,2022-01-26,14.077300262400001,25.0263115776,,0.018103524,0.018103524,OGI,2022-01-01,True,OGI,N/A,N/A,True
0000000000,ABBT0051093,GasPipelineHeader,Connector_51,active,83,83,0,2022-10-10,,2023-10-10,0.0,37.09256587200001,,0.005172435,,,,False,,N/A,N/A,True
0000000000,ABBT0051093,GasPipelineHeader,Regulator_0,repaired,315,315,0,2021-11-12,2022-11-12,2022-11-12,0.0,844.6380274080001,,0.031034613,,,,True,natural,N/A,N/A,True
0000000000,ABBT0051093,GasPipelineHeader,Valve_4,repaired,16,16,0,2021-04-27,2022-01-17,2022-04-27,268.13905632,42.9022490112,,0.031034613,0.031034613,OGI,2022-01-01,True,OGI,N/A,N/A,True
0000000000,ABBT0051093,GasPipelineHeader,Valve_7,repaired,186,186,0,2021-07-06,2022-07-06,2022-07-06,0.0,498.7386447552,,0.031034613,,,,True,natural,N/A,N/A,True
0000000000,ABBT0051093,PigTrap(GasService),Connector_9,active,181,181,0,2022-07-04,,2023-07-04,0.0,485.33169193919997,,0.031034613,,,,False,,N/A,N/A,True
0000000000,ABBT0051093,PigTrap(GasService),Connector_10,repaired,16,16,0,2021-07-17,2022-01-17,2022-07-17,80.888607504,7.150374144000001,,0.005172435,0.005172435,OGI,2022-01-01,True,OGI,N/A,N/A,True
0000000000,ABBT0051093,PigTrap(GasService),Valve_2,repaired,188,188,0,2021-07-08,2022-07-08,2022-07-08,0.0,504.10142588160005,,0.031034613,,,,True,natural,N/A,N/A,True
0000000000,ABBT0051093,PigTrap(GasService),Valve_5,active,50,50,0,2022-11-12,,2023-11-12,0.0,134.06952816,,0.031034613,,,,False,,N/A,N/A,True
0000000000,ABBT0051093,PopTank,Connector_0,repaired,16,16,0,2021-05-08,2022-01-17,2022-05-08,297.6343525152,42.9022490112,,0.031034613,0.031034613,OGI,2022-01-01,True,OGI,N/A,N/A,True
0000000001,ABBT0051093,PopTank,Connector_1,active,362,362,0,2022-01-04,,2023-01-04,0.0,2183.9926059072,,0.069827879,,,,False,,N/A,N/A,True
0000000002,ABBT0051093,PopTank,Connector_1,active,337,337,0,2022-01-29,,2023-01-29,0.0,75.3023922624,,0.002586218,,,,False,,N/A,N/A,True
0000000000,ABBT0051093,PopTank,Connector_1,repaired,16,16,0,2021-10-13,2022-01-17,2022-10-13,1622.9116325664002,96.5300599296,,0.069827879,0.069827879,OGI,2022-01-01,True,OGI,N/A,N/A,True
0000000001,ABBT0051093,PopTank,OpenEndedLine_0,active,150,150,0,2022-08-04,,2023-08-04,0.0,402.20858448,,0.031034613,,,,False,,N/A,N/A,True
0000000002,ABBT0051093,PopTank,OpenEndedLine_0,active,97,97,0,2022-09-26,,2023-09-26,0.0,260.09488463040003,,0.031034613,,,,False,,N/A,N/A,True
0000000000,ABBT0051093,PopTank,OpenEndedLine_0,repaired,16,16,0,2021-07-27,2022-01-17,2022-07-27,42.6788039232,3.5751877632,,0.002586218,0.002586218,OGI,2022-01-01,True,OGI,N/A,N/A,True
0000000001,ABBT0051093,PopTank,Valve_0,active,273,273,0,2022-04-03,,2023-04-03,0.0,61.00164120960001,,0.002586218,,,,False,,N/A,N/A,True
0000000000,ABBT0051093,PopTank,Valve_0,repaired,295,295,0,2021-10-23,2022-10-23,2022-10-23,0.0,65.917524384,,0.002586218,,,,True,natural,N/A,N/A,True
0000000000,ABBT0051093,PopTank,Othertank_0,active,45,45,0,2022-11-17,,2023-11-17,0.0,120.66257534400002,,0.031034613,,,,False,,N/A,N/A,True
0000000001,ABBT0051093,PopTank,Othertank_0,active,13,13,0,2022-12-19,,2023-12-19,0.0,58.096795536,,0.051724355,,,,False,,N/A,N/A,True
0000000000,ABBT0051093,ProductionTank(fixedroof-heavyoil),Connector_12,active,75,75,0,2022-10-18,,2023-10-18,0.0,452.48465591999997,,0.069827879,,,,False,,N/A,N/A,True
0000000000,ABBT0051093,ProductionTank(fixedroof-heavyoil),Connector_14,repaired,322,322,0,2021-11-19,2022-11-19,2022-11-19,0.0,2662.1739377856,,0.095690057,,,,True,natural,N/A,N/A,True
0000000000,ABBT0051093,ProductionTank(fixedroof-heavyoil),Connector_21,active,9,9,0,2022-12-23,,2023-12-23,0.0,24.132515068800004,,0.031034613,,,,False,,N/A,N/A,True
0000000000,ABBT0051093,ProductionTank(fixedroof-heavyoil),Connector_27,repaired,190,190,0,2021-07-10,2022-07-10,2022-07-10,0.0,509.46420700799996,,0.031034613,,,,True,natural,N/A,N/A,True
0000000000,ABBT0051093,ProductionTank(fixedroof-heavyoil),Connector_36,repaired,72,72,0,2021-03-14,2022-03-14,2022-03-14,0.0,16.088344934400002,,0.002586218,,,,True,natural,N/A,N/A,True
0000000000,ABBT0051093,ReciprocatingCompressor,Connector_58,active,136,136,0,2022-08-18,,2023-08-18,0.0,820.5055094016,,0.069827879,,,,False,,N/A,N/A,True
0000000000,ABBT0051093,ReciprocatingCompressor,Connector_137,active,187,187,0,2022-06-28,,2023-06-28,0.0,835.7000588640001,,0.051724355,,,,False,,N/A,N/A,True
0000000000,ABBT0051093,ReciprocatingCompressor,Connector_205,active,253,253,0,2022-04-23,,2023-04-23,0.0,678.3918124895999,,0.031034613,,,,False,,N/A,N/A,True
0000000000,ABBT0051093,ReciprocatingCompressor,Valve_19,active,43,43,0,2022-11-19,,2023-11-19,0.0,67.2582123648,,0.018103524,,,,False,,N/A,N/A,True
0000000000,ABBT0051093,Separator,Connector_62,active,288,288,0,2022-03-19,,2023-03-19,0.0,772.2404822016001,,0.031034613,,,,False,,N/A,N/A,True
0000000000,ABBT0051093,Separator,PSV_1,repaired,16,16,0,2021-04-08,2022-01-17,2022-04-08,36.19876910400001,7.150374144000001,,0.005172435,0.005172435,OGI,2022-01-01,True,OGI,N/A,N/A,True
0000000000,ABBT0051093,Separator,Valve_8,active,27,27,0,2022-12-05,,2023-12-05,0.0,162.8944761312,,0.069827879,,,,False,,N/A,N/A,True
0000000004,ABBT0051093,Intermittent,Intermittent_0,active,271,271,0,2022-04-05,,,0.0,534.9001650912,,0.022844923,,,,N/A,N/A,False,,False
0000000005,ABBT0051093,Intermittent,Intermittent_0,active,45,45,0,2022-11-17,,,0.0,88.821060624,,0.022844923,,,,N/A,N/A,False,,False
0000000000,ABBT0051093,Intermittent,Intermittent_0,expired,32,32,0,2021-02-02,2022-02-02,2022-02-02,0.0,264.56386959360003,,0.095690057,0.05678903125,OGI,2022-01-01,N/A,N/A,True,expired,False
0000000001,ABBT0051093,Intermittent,Intermittent_0,expired,110,110,0,2021-04-21,2022-04-21,2022-04-21,0.0,217.118148192,,0.022844923,0.05678903125,OGI,2022-01-01,N/A,N/A,True,expired,False
0000000002,ABBT0051093,Intermittent,Intermittent_0,expired,134,134,0,2021-05-15,2022-05-15,2022-05-15,0.0,59.884383456,,0.005172435,0.05678903125,OGI,2022-01-01,N/A,N/A,True,expired,False
0000000003,ABBT0051093,Intermittent,Intermittent_0,expired,296,296,0,2021-10-24,2022-10-24,2022-10-24,0.0,2645.638689024,,0.10344871,0.05678903125,OGI,2022-01-01,N/A,N/A,True,expired,False
0000000004,ABBT0051093,LevelController,LevelController_0,active,270,270,0,2022-04-06,,,0.0,2232.257649696,,0.095690057,,,,N/A,N/A,False,,False
0000000000,ABBT0051093,LevelController,LevelController_0,expired,63,63,0,2021-03-05,2022-03-05,2022-03-05,0.0,28.154598192000005,,0.005172435,0.032866517,OGI,2022-01-01,N/A,N/A,True,expired,False
0000000001,ABBT0051093,LevelController,LevelController_0,expired,81,81,0,2021-03-23,2022-03-23,2022-03-23,0.0,723.975452064,,0.10344871,0.032866517,OGI,2022-01-01,N/A,N/A,True,expired,False
0000000002,ABBT0051093,LevelController,LevelController_0,expired,173,173,0,2021-06-23,2022-06-23,2022-06-23,0.0,341.4676330656,,0.022844923,0.032866517,OGI,2022-01-01,N/A,N/A,True,expired,False
0000000003,ABBT0051093,LevelController,LevelController_0,expired,291,291,0,2021-10-19,2022-10-19,2022-10-19,0.0,574.3761920352,,0.022844923,0.032866517,OGI,2022-01-01,N/A,N/A,True,expired,False
0000000002,ABBT0051093,PressureController,PressureController_0,active,249,249,0,2022-04-27,,,0.0,2058.6376102752,,0.095690057,,,,N/A,N/A,False,,False
0000000003,ABBT0051093,PressureController,PressureController_0,active,244,244,0,2022-05-02,,,0.0,481.6075287168,,0.022844923,,,,N/A,N/A,False,,False
0000000004,ABBT0051093,PressureController,PressureController_0,active,180,180,0,2022-07-05,,,0.0,1488.171766464,,0.095690057,,,,N/A,N/A,False,,False
0000000005,ABBT0051093,PressureController,PressureController_0,active,112,112,0,2022-09-11,,,0.0,25.0263143424,,0.002586218,,,,N/A,N/A,False,,False
0000000006,ABBT0051093,PressureController,PressureController_0,active,90,90,0,2022-10-03,,,0.0,177.642121248,,0.022844923,,,,N/A,N/A,False,,False
0000000000,ABBT0051093,PressureController,PressureController_0,expired,112,112,0,2021-04-23,2022-04-23,2022-04-23,0.0,1001.052476928,,0.10344871,0.10344871,OGI,2022-01-01,N/A,N/A,True,expired,False
0000000001,ABBT0051093,PressureController,PressureController_0,expired,293,293,0,2021-10-21,2022-10-21,2022-10-21,0.0,2618.824783392,,0.10344871,0.10344871,OGI,2022-01-01,N/A,N/A,True,expired,False
0000000003,ABBT0051093,Pump,Pump_0,active,260,260,0,2022-04-16,,,0.0,513.1883502720001,,0.022844923,,,,N/A,N/A,False,,False
0000000004,ABBT0051093,Pump,Pump_0,active,249,249,0,2022-04-27,,,0.0,491.4765354528001,,0.022844923,,,,N/A,N/A,False,,False
0000000005,ABBT0051093,Pump,Pump_0,active,142,142,0,2022-08-12,,,0.0,63.45957052800001,,0.005172435,,,,N/A,N/A,False,,False
0000000006,ABBT0051093,Pump,Pump_0,active,121,121,0,2022-09-02,,,0.0,27.037357459200003,,0.002586218,,,,N/A,N/A,False,,False
0000000000,ABBT0051093,Pump,Pump_0,expired,46,46,0,2021-02-16,2022-02-16,2022-02-16,0.0,380.3105625408,,0.095690057,0.047126634333333334,OGI,2022-01-01,N/A,N/A,True,expired,False
0000000001,ABBT0051093,Pump,Pump_0,expired,150,150,0,2021-05-31,2022-05-31,2022-05-31,0.0,296.07020208,,0.022844923,0.047126634333333334,OGI,2022-01-01,N/A,N/A,True,expired,False
0000000002,ABBT0051093,Pump,Pump_0,expired,220,220,0,2021-08-09,2022-08-09,2022-08-09,0.0,434.236296384,,0.022844923,0.047126634333333334,OGI,2022-01-01,N/A,N/A,True,expired,False
0000000000,ABBT0154917,CatalyticHeater,Valve_0,repaired,16,16,0,2021-07-05,2022-01-17,2022-07-05,453.1550051808,42.9022490112,,0.031034613,0.031034613,OGI,2022-01-01,True,OGI,N/A,N/A,True
0000000001,ABBT0154917,CatalyticHeater,Valve_0,repaired,16,16,0,2021-11-16,2022-01-17,2022-11-16,812.4613406496,42.9022490112,,0.031034613,0.031034613,OGI,2022-01-01,True,OGI,N/A,N/A,True
0000000001,ABBT0154917,CatalyticHeater,CatadyneHeater_0,active,298,298,0,2022-03-09,,2023-03-09,0.0,799.0543878336,,0.031034613,,,,False,,N/A,N/A,True
0000000000,ABBT0154917,CatalyticHeater,CatadyneHeater_0,repaired,297,297,0,2021-10-25,2022-10-25,2022-10-25,0.0,1791.8392374432,,0.069827879,,,,True,natural,N/A,N/A,True
0000000000,ABBT0154917,FlareKnockOutDrum,Connector_3,active,211,211,0,2022-06-04,,2023-06-04,0.0,94.29555902400001,,0.005172435,,,,False,,N/A,N/A,True
0000000000,ABBT0154917,FlareKnockOutDrum,Connector_9,active,119,119,0,2022-09-04,,2023-09-04,0.0,319.0854770208,,0.031034613,,,,False,,N/A,N/A,True
0000000000,ABBT0154917,FlareKnockOutDrum,Connector_31,repaired,21,21,0,2021-01-22,2022-01-22,2022-01-22,0.0,126.69570365759999,,0.069827879,,,,True,natural,N/A,N/A,True
0000000000,ABBT0154917,FlareKnockOutDrum,Valve_3,active,305,305,0,2022-03-02,,2023-03-02,0.0,1363.04020296,,0.051724355,,,,False,,N/A,N/A,True
0000000001,ABBT0154917,FlareKnockOutDrum,Valve_3,active,1,1,0,2022-12-31,,2023-12-31,0.0,6.0331287456,,0.069827879,,,,False,,N/A,N/A,True
0000000000,ABBT0154917,GasBoot,Connector_2,active,361,361,0,2022-01-05,,2023-01-05,0.0,80.66517390720001,,0.002586218,,,,False,,N/A,N/A,True
0000000000,ABBT0154917,GasBoot,Connector_15,repaired,16,16,0,2021-12-29,2022-01-17,2022-12-29,2087.4625459776,96.5300599296,,0.069827879,0.069827879,OGI,2022-01-01,True,OGI,N/A,N/A,True
0000000000,ABBT0154917,GasBoot,Valve_1,repaired,356,356,0,2021-12-23,2022-12-23,2022-12-23,0.0,79.5479277312,,0.002586218,,,,True,natural,N/A,N/A,True
0000000000,ABBT0154917,GasBoot,Valve_3,repaired,123,123,0,2021-05-04,2022-05-04,2022-05-04,0.0,549.6850654560001,,0.051724355,,,,True,natural,N/A,N/A,True
0000000000,ABBT0154917,GasPipelineHeader,Connector_13,repaired,281,281,0,2021-10-09,2022-10-09,2022-10-09,0.0,62.7892350912,,0.002586218,,,,True,natural,N/A,N/A,True
0000000000,ABBT0154917,GasSweeteningAmine,Connector_30,active,30,30,0,2022-12-02,,2023-12-02,0.0,134.06952816,,0.051724355,,,,False,,N/A,N/A,True
0000000000,ABBT0154917,GasSweeteningAmine,Connector_38,active,40,40,0,2022-11-22,,2023-11-22,0.0,107.255622528,,0.031034613,,,,False,,N/A,N/A,True
0000000000,ABBT0154917,LineHeater,Connector_5,active,246,246,0,2022-04-30,,2023-04-30,0.0,1484.1496714176,,0.069827879,,,,False,,N/A,N/A,True
0000000000,ABBT0154917,LineHeater,Connector_40,active,130,130,0,2022-08-24,,2023-08-24,0.0,1074.7907202239999,,0.095690057,,,,False,,N/A,N/A,True
0000000000,ABBT0154917,LiquidPump,Connector_14,repaired,16,16,0,2021-11-03,2022-01-17,2022-11-03,129.60053136000002,7.150374144000001,,0.005172435,0.005172435,OGI,2022-01-01,True,OGI,N/A,N/A,True
0000000000,ABBT0154917,LiquidPump,Connector_24,active,29,29,0,2022-12-03,,2023-12-03,0.0,77.7603263328,,0.031034613,,,,False,,N/A,N/A,True
0000000000,ABBT0154917,LiquidPump,Connector_32,repaired,240,240,0,2021-08-29,2022-08-29,2022-08-29,0.0,107.25561216000001,,0.005172435,,,,True,natural,N/A,N/A,True
0000000000,ABBT0154917,LiquidPump,Valve_4,active,137,137,0,2022-08-17,,2023-08-17,0.0,367.3505071584,,0.031034613,,,,False,,N/A,N/A,True
0000000000,ABBT0154917,PigTrap(GasService),Valve_1,active,160,160,0,2022-07-25,,2023-07-25,0.0,1322.819347968,,0.095690057,,,,False,,N/A,N/A,True
0000000000,ABBT0154917,PigTrap(LiquidService),Connector_12,repaired,1,1,0,2021-01-01,2022-01-02,2022-01-01,0.0,0.2234492352,,0.002586218,,,,True,natural,N/A,N/A,True
0000000000,ABBT0154917,PigTrap(LiquidService),Valve_3,repaired,291,291,0,2021-10-19,2022-10-19,2022-10-19,0.0,65.0237274432,,0.002586218,,,,True,natural,N/A,N/A,True
0000000000,ABBT0154917,PopTank,Othertank_0,repaired,16,16,0,2021-04-15,2022-01-17,2022-04-15,530.9153296128,96.5300599296,,0.069827879,0.069827879,OGI,2022-01-01,True,OGI,N/A,N/A,True
0000000000,ABBT0154917,ProductionTank(fixedroof-heavyoil),Connector_33,repaired,16,16,0,2021-03-23,2022-01-17,2022-03-23,392.153368464,96.5300599296,,0.069827879,0.069827879,OGI,2022-01-01,True,OGI,N/A,N/A,True
0000000000,ABBT0154917,PropaneFuelTank,Connector_9,active,96,96,0,2022-09-27,,2023-09-27,0.0,579.1803595776,,0.069827879,,,,False,,N/A,N/A,True
0000000000,ABBT0154917,ReciprocatingCompressor,Connector_2,active,49,49,0,2022-11-13,,2023-11-13,0.0,131.38813759680002,,0.031034613,,,,False,,N/A,N/A,True
0000000000,ABBT0154917,ReciprocatingCompressor,Connector_102,repaired,16,16,0,2021-03-17,2022-01-17,2022-03-17,263.670072048,71.503748352,,0.051724355,0.051724355,OGI,2022-01-01,True,OGI,N/A,N/A,True
0000000000,ABBT0154917,ReciprocatingCompressor,Connector_332,active,352,352,0,2022-01-14,,2023-01-14,0.0,550.5788547072,,0.018103524,,,,False,,N/A,N/A,True
0000000000,ABBT0154917,ReciprocatingCompressor,Regulator_3,repaired,233,233,0,2021-08-22,2022-08-22,2022-08-22,0.0,364.4456623488,,0.018103524,,,,True,natural,N/A,N/A,True
0000000000,ABBT0154917,Reciprocating Compressor-ElectricDriver,Connector_11,repaired,315,315,0,2021-11-12,2022-11-12,2022-11-12,0.0,70.38650908800001,,0.002586218,,,,True,natural,N/A,N/A,True
0000000000,ABBT0154917,Reciprocating Compressor-ElectricDriver,Connector_35,repaired,16,16,0,2021-06-01,2022-01-17,2022-06-01,361.987726032,42.9022490112,,0.031034613,0.031034613,OGI,2022-01-01,True,OGI,N/A,N/A,True
0000000000,ABBT0154917,Reciprocating Compressor-ElectricDriver,Connector_213,repaired,16,16,0,2021-07-11,2022-01-17,2022-07-11,1055.79753048,96.5300599296,,0.069827879,0.069827879,OGI,2022-01-01,True,OGI,N/A,N/A,True
0000000000,ABBT0154917,ScrewCompressor,Connector_40,repaired,16,16,0,2021-04-25,2022-01-17,2022-04-25,21.8980250496,3.5751877632,,0.002586218,0.002586218,OGI,2022-01-01,True,OGI,N/A,N/A,True
0000000000,ABBT0154917,ScrewCompressor,Connector_44,active,206,206,0,2022-06-09,,2023-06-09,0.0,552.3664560192001,,0.031034613,,,,False,,N/A,N/A,True
0000000000,ABBT0154917,ScrewCompressor,Connector_48,repaired,314,314,0,2021-11-11,2022-11-11,2022-11-11,0.0,841.9566368448,,0.031034613,,,,True,natural,N/A,N/A,True
0000000000,ABBT0154917,ScrewCompressor,Connector_160,repaired,325,325,0,2021-11-22,2022-11-22,2022-11-22,0.0,871.45193304,,0.031034613,,,,True,natural,N/A,N/A,True
0000000000,ABBT0154917,ScrewCompressor,Connector_167,active,207,207,0,2022-06-08,,2023-06-08,0.0,1248.8576503392,,0.069827879,,,,False,,N/A,N/A,True
0000000000,ABBT0154917,ScrewCompressor,ControlValve_0,repaired,312,312,0,2021-11-09,2022-11-09,2022-11-09,0.0,836.5938557183999,,0.031034613,,,,True,natural,N/A,N/A,True
0000000000,ABBT0154917,ScrewCompressor,Regulator_2,repaired,301,301,0,2021-10-29,2022-10-29,2022-10-29,0.0,807.0985595231999,,0.031034613,,,,True,natural,N/A,N/A,True
0000000000,ABBT0154917,Scrubber,Connector_63,active,114,114,0,2022-09-09,,2023-09-09,0.0,25.4732128128,,0.002586218,,,,False,,N/A,N/A,True
0000000000,ABBT0154917,Scrubber,Valve_7,active,248,248,0,2022-04-28,,2023-04-28,0.0,55.4154103296,,0.002586218,,,,False,,N/A,N/A,True
0000000000,ABBT0154917,Separator,Connector_30,repaired,117,117,0,2021-04-28,2022-04-28,2022-04-28,0.0,52.28711092800001,,0.005172435,,,,True,natural,N/A,N/A,True
0000000000,ABBT0154917,Separator,Valve_5,repaired,284,284,0,2021-10-12,2022-10-12,2022-10-12,0.0,761.5149199488001,,0.031034613,,,,True,natural,N/A,N/A,True
0000000000,ABBT0154917,Separator,Valve_6,repaired,342,342,0,2021-12-09,2022-12-09,2022-12-09,0.0,152.83924732800003,,0.005172435,,,,True,natural,N/A,N/A,True
0000000000,ABBT0154917,TankHeater,Connector_10,active,286,286,0,2022-03-21,,2023-03-21,0.0,447.34531944959997,,0.018103524,,,,False,,N/A,N/A,True
0000000000,ABBT0154917,TankHeater,Valve_6,repaired,310,310,0,2021-11-07,2022-11-07,2022-11-07,0.0,831.2310745919999,,0.031034613,,,,True,natural,N/A,N/A,True
0000000000,ABBT0154917,Treater,Connector_9,repaired,166,166,0,2021-06-16,2022-06-16,2022-06-16,0.0,37.0925730432,,0.002586218,,,,True,natural,N/A,N/A,True
0000000000,ABBT0154917,Treater,Connector_69,active,65,65,0,2022-10-28,,2023-10-28,0.0,14.524200288000001,,0.002586218,,,,False,,N/A,N/A,True
0000000000,ABBT0154917,Intermittent,Intermittent_0,expired,210,210,0,2021-07-30,2022-07-30,2022-07-30,0.0,414.49828291200004,,0.022844923,0.0127155705,OGI,2022-01-01,N/A,N/A,True,expired,False
0000000001,ABBT0154917,Intermittent,Intermittent_0,expired,237,237,0,2021-08-26,2022-08-26,2022-08-26,0.0,52.9574687424,,0.002586218,0.0127155705,OGI,2022-01-01,N/A,N/A,True,expired,False
0000000003,ABBT0154917,LevelController,LevelController_0,active,280,280,0,2022-03-27,,,0.0,187.697333376,,0.007758653,,,,N/A,N/A,False,,False
0000000004,ABBT0154917,LevelController,LevelController_0,active,220,220,0,2022-05-26,,,0.0,1818.876603456,,0.095690057,,,,N/A,N/A,False,,False
0000000000,ABBT0154917,LevelController,LevelController_0,expired,99,99,0,2021-04-10,2022-04-10,2022-04-10,0.0,195.40633337280002,,0.022844923,,,,N/A,N/A,False,expired,False
0000000001,ABBT0154917,LevelController,LevelController_0,expired,188,188,0,2021-07-08,2022-07-08,2022-07-08,0.0,371.07465327360006,,0.022844923,,,,N/A,N/A,False,expired,False
0000000002,ABBT0154917,LevelController,LevelController_0,expired,355,355,0,2021-12-22,2022-12-22,2022-12-22,0.0,158.64892632000002,,0.005172435,,,,N/A,N/A,False,expired,False
0000000000,ABBT0154917,Positioner,Positioner_0,active,350,350,0,2022-01-16,,,0.0,156.41443440000003,,0.005172435,,,,N/A,N/A,False,,False
0000000001,ABBT0154917,Positioner,Positioner_0,active,297,297,0,2022-03-10,,,0.0,586.2190001184,,0.022844923,,,,N/A,N/A,False,,False
0000000000,ABBT0154917,PressureController,PressureController_0,expired,109,109,0,2021-04-20,2022-04-20,2022-04-20,0.0,48.71192385600001,,0.005172435,0.005172435,OGI,2022-01-01,N/A,N/A,True,expired,False
0000000000,ABBT0154917,Pump,Pump_0,expired,348,348,0,2021-12-15,2022-12-15,2022-12-15,0.0,2877.1320818304002,,0.095690057,0.095690057,OGI,2022-01-01,N/A,N/A,True,expired,False
0000000001,ABBT0154917,Transducer,Transducer_0,active,297,297,0,2022-03-10,,,0.0,199.09324290240002,,0.007758653,,,,N/A,N/A,False,,False
0000000002,ABBT0154917,Transducer,Transducer_0,active,285,285,0,2022-03-22,,,0.0,63.683032032,,0.002586218,,,,N/A,N/A,False,,False
0000000000,ABBT0154917,Transducer,Transducer_0,expired,200,200,0,2021-07-20,2022-07-20,2022-07-20,0.0,89.37967680000001,,0.005172435,0.005172435,OGI,2022-01-01,N/A,N/A,True,expired,False
0000000001,ABBT0137652,CatalyticHeater,Regulator_0,active,316,316,0,2022-02-19,,2023-02-19,0.0,70.6099583232,,0.002586218,,,,False,,N/A,N/A,True
0000000000,ABBT0137652,CatalyticHeater,Regulator_0,repaired,298,298,0,2021-10-26,2022-10-26,2022-10-26,0.0,66.5878720896,,0.002586218,,,,True,natural,N/A,N/A,True
0000000002,ABBT0137652,CatalyticHeater,Valve_0,active,118,118,0,2022-09-05,,2023-09-05,0.0,26.3670097536,,0.002586218,,,,False,,N/A,N/A,True
0000000000,ABBT0137652,CatalyticHeater,Valve_0,repaired,47,47,0,2021-02-17,2022-02-17,2022-02-17,0.0,10.502114054400002,,0.002586218,,,,True,natural,N/A,N/A,True
0000000001,ABBT0137652,CatalyticHeater,Valve_0,repaired,273,273,0,2021-10-01,2022-10-01,2022-10-01,0.0,732.0196237536001,,0.031034613,,,,True,natural,N/A,N/A,True
0000000000,ABBT0137652,CatalyticHeater,CatadyneHeater_0,active,350,350,0,2022-01-16,,2023-01-16,0.0,1564.1444952000002,,0.051724355,,,,False,,N/A,N/A,True
0000000001,ABBT0137652,CatalyticHeater,CatadyneHeater_0,active,347,347,0,2022-01-19,,2023-01-19,0.0,930.4425254304001,,0.031034613,,,,False,,N/A,N/A,True
0000000002,ABBT0137652,CatalyticHeater,CatadyneHeater_0,active,221,221,0,2022-05-25,,2023-05-25,0.0,592.5873144672,,0.031034613,,,,False,,N/A,N/A,True
0000000000,ABBT0137652,FlareKnockOutDrum,Connector_8,repaired,17,17,1,2021-07-14,2022-01-18,2022-07-14,474.60612968640004,45.5836395744,,0.031034613,0.031034613,OGI,2022-01-02,True,OGI,N/A,N/A,True
0000000000,ABBT0137652,FlareKnockOutDrum,Connector_28,repaired,299,299,0,2021-10-27,2022-10-27,2022-10-27,0.0,801.7357783968001,,0.031034613,,,,True,natural,N/A,N/A,True
0000000001,ABBT0137652,FlareKnockOutDrum,Connector_34,active,90,90,0,2022-10-03,,2023-10-03,0.0,20.110431168,,0.002586218,,,,False,,N/A,N/A,True
0000000000,ABBT0137652,FlareKnockOutDrum,Connector_34,repaired,17,17,1,2021-02-03,2022-01-18,2022-02-03,25.0263115776,26.5904560512,,0.018103524,0.018103524,OGI,2022-01-02,True,OGI,N/A,N/A,True
0000000000,ABBT0137652,GasPipelineHeader,Connector_6,active,41,41,0,2022-11-21,,2023-11-21,0.0,109.9370130912,,0.031034613,,,,False,,N/A,N/A,True
0000000000,ABBT0137652,GasPipelineHeader,Connector_17,active,196,196,0,2022-06-19,,2023-06-19,0.0,87.59208326400001,,0.005172435,,,,False,,N/A,N/A,True
0000000000,ABBT0137652,GasPipelineHeader,Connector_20,active,131,131,0,2022-08-23,,2023-08-23,0.0,351.2621637792,,0.031034613,,,,False,,N/A,N/A,True
0000000000,ABBT0137652,GasPipelineHeader,Connector_35,repaired,98,98,0,2021-04-09,2022-04-09,2022-04-09,0.0,43.796041632000005,,0.005172435,,,,True,natural,N/A,N/A,True
0000000000,ABBT0137652,GasPipelineHeader,Connector_39,repaired,17,17,1,2021-12-08,2022-01-18,2022-12-08,868.7705424768001,45.5836395744,,0.031034613,0.031034613,OGI,2022-01-02,True,OGI,N/A,N/A,True
0000000000,ABBT0137652,GasPipelineHeader,Connector_51,repaired,17,17,1,2021-10-07,2022-01-18,2022-10-07,702.5243275584,45.5836395744,,0.031034613,0.031034613,OGI,2022-01-02,True,OGI,N/A,N/A,True
0000000000,ABBT0137652,PigTrap(GasService),Connector_5,repaired,17,17,1,2021-05-11,2022-01-18,2022-05-11,25.249763577600003,3.7986369984,,0.002586218,0.002586218,OGI,2022-01-02,True,OGI,N/A,N/A,True
0000000001,ABBT0137652,PigTrap(GasService),Connector_16,active,62,62,0,2022-10-31,,2023-10-31,0.0,96.9769573632,,0.018103524,,,,False,,N/A,N/A,True
0000000000,ABBT0137652,PigTrap(GasService),Connector_16,repaired,17,17,1,2021-02-14,2022-01-18,2022-02-14,72.39754520640001,45.5836395744,,0.031034613,0.031034613,OGI,2022-01-02,True,OGI,N/A,N/A,True
0000000000,ABBT0137652,PigTrap(GasService),Connector_21,repaired,228,228,0,2021-08-17,2022-08-17,2022-08-17,0.0,50.9464256256,,0.002586218,,,,True,natural,N/A,N/A,True
0000000001,ABBT0137652,PigTrap(GasService),Valve_7,active,21,21,0,2022-12-11,,2023-12-11,0.0,56.3092018272,,0.031034613,,,,False,,N/A,N/A,True
0000000000,ABBT0137652,PigTrap(GasService),Valve_7,repaired,43,43,0,2021-02-13,2022-02-13,2022-02-13,0.0,115.29979421760001,,0.031034613,,,,True,natural,N/A,N/A,True
0000000000,ABBT0137652,PopTank,Connector_0,repaired,30,30,0,2021-01-31,2022-01-31,2022-01-31,0.0,13.406951520000002,,0.005172435,,,,True,natural,N/A,N/A,True
0000000001,ABBT0137652,PopTank,Connector_0,repaired,194,194,0,2021-07-14,2022-07-14,2022-07-14,0.0,303.4440278784,,0.018103524,,,,True,natural,N/A,N/A,True
0000000000,ABBT0137652,PopTank,Connector_1,repaired,284,284,0,2021-10-12,2022-10-12,2022-10-12,0.0,63.45958279680001,,0.002586218,,,,True,natural,N/A,N/A,True
0000000002,ABBT0137652,PopTank,Connector_3,active,275,275,0,2022-04-01,,2023-04-01,0.0,737.3824048800001,,0.031034613,,,,False,,N/A,N/A,True
0000000003,ABBT0137652,PopTank,Connector_3,active,190,190,0,2022-06-25,,2023-06-25,0.0,84.91069296,,0.005172435,,,,False,,N/A,N/A,True
0000000000,ABBT0137652,PopTank,Connector_3,repaired,17,17,1,2021-01-07,2022-01-18,2022-01-07,0.0,3.7986369984,,0.002586218,0.001293109,OGI,2022-01-02,True,OGI,N/A,N/A,True
0000000001,ABBT0137652,PopTank,Connector_3,repaired,17,17,1,2021-07-21,2022-01-18,2022-07-21,1110.0956891904,102.5631886752,,0.069827879,0.001293109,OGI,2022-01-02,True,OGI,N/A,N/A,True
0000000000,ABBT0137652,PopTank,Valve_0,active,18,18,0,2022-12-14,,2023-12-14,0.0,48.26503013760001,,0.031034613,,,,False,,N/A,N/A,True
0000000000,ABBT0137652,ProductionTank(fixedroof-heavyoil),Connector_7,repaired,17,17,1,2021-03-12,2022-01-18,2022-03-12,142.1136998496,45.5836395744,,0.031034613,0.031034613,OGI,2022-01-02,True,OGI,N/A,N/A,True
0000000000,ABBT0137652,ProductionTank(fixedroof-heavyoil),Connector_11,active,123,123,0,2022-08-31,,2023-08-31,0.0,1016.9173737504001,,0.095690057,,,,False,,N/A,N/A,True
0000000000,ABBT0137652,ProductionTank(fixedroof-heavyoil),Connector_22,repaired,17,17,1,2021-07-22,2022-01-18,2022-07-22,496.057254192,45.5836395744,,0.031034613,0.031034613,OGI,2022-01-02,True,OGI,N/A,N/A,True
0000000000,ABBT0137652,ProductionTank(fixedroof-heavyoil),Connector_32,repaired,331,331,0,2021-11-28,2022-11-28,2022-11-28,0.0,887.5402764192,,0.031034613,,,,True,natural,N/A,N/A,True
0000000000,ABBT0137652,ProductionTank(fixedroof-heavyoil),Valve_8,repaired,17,17,1,2021-01-25,2022-01-18,2022-01-25,57.8733464736,140.5495557216,,0.095690057,0.095690057,OGI,2022-01-02,True,OGI,N/A,N/A,True
0000000000,ABBT0137652,ReciprocatingCompressor,Connector_94,repaired,208,208,0,2021-07-28,2022-07-28,2022-07-28,0.0,557.7292371456,,0.031034613,,,,True,natural,N/A,N/A,True
0000000000,ABBT0137652,ReciprocatingCompressor,Connector_109,active,358,358,0,2022-01-08,,2023-01-08,0.0,959.9378216256001,,0.031034613,,,,False,,N/A,N/A,True
0000000000,ABBT0137652,ReciprocatingCompressor,Connector_153,repaired,21,21,0,2021-01-22,2022-01-22,2022-01-22,0.0,56.3092018272,,0.031034613,,,,True,natural,N/A,N/A,True
0000000000,ABBT0137652,ReciprocatingCompressor,Connector_207,repaired,305,305,0,2021-11-02,2022-11-02,2022-11-02,0.0,1840.1042674080002,,0.069827879,,,,True,natural,N/A,N/A,True
0000000000,ABBT0137652,ReciprocatingCompressor,Connector_218,repaired,17,17,1,2021-01-24,2022-01-18,2022-01-24,36.1987724736,102.5631886752,,0.069827879,0.069827879,OGI,2022-01-02,True,OGI,N/A,N/A,True
0000000000,ABBT0137652,ReciprocatingCompressor,Connector_269,repaired,17,17,1,2021-02-13,2022-01-18,2022-02-13,40.6677563136,26.5904560512,,0.018103524,0.018103524,OGI,2022-01-02,True,OGI,N/A,N/A,True
0000000000,ABBT0137652,ReciprocatingCompressor,Connector_287,active,110,110,0,2022-09-13,,2023-09-13,0.0,491.58826992,,0.051724355,,,,False,,N/A,N/A,True
0000000000,ABBT0137652,Separator,Connector_9,repaired,183,183,0,2021-07-03,2022-07-03,2022-07-03,0.0,490.6944730656,,0.031034613,,,,True,natural,N/A,N/A,True
0000000000,ABBT0137652,Separator,Connector_36,active,364,364,0,2022-01-02,,2023-01-02,0.0,976.0261650048,,0.031034613,,,,False,,N/A,N/A,True
0000000000,ABBT0137652,Separator,Connector_84,active,178,178,0,2022-07-07,,2023-07-07,0.0,477.28752024960005,,0.031034613,,,,False,,N/A,N/A,True
0000000000,ABBT0137652,Separator,Valve_12,active,278,278,0,2022-03-29,,2023-03-29,0.0,745.4265765696,,0.031034613,,,,False,,N/A,N/A,True
0000000002,ABBT0137652,Intermittent,Intermittent_0,active,352,352,0,2022-01-14,,,0.0,694.7780742144001,,0.022844923,,,,N/A,N/A,False,,False
0000000003,ABBT0137652,Intermittent,Intermittent_0,active,320,320,0,2022-02-15,,,0.0,631.6164311040001,,0.022844923,,,,N/A,N/A,False,,False
0000000000,ABBT0137652,Intermittent,Intermittent_0,expired,6,6,1,2021-01-07,2022-01-07,2022-01-07,0.0,2.6813903040000007,,0.005172435,0.050431246,OGI,2022-01-02,N/A,N/A,True,expired,False
0000000001,ABBT0137652,Intermittent,Intermittent_0,expired,244,244,1,2021-09-02,2022-09-02,2022-09-02,0.0,2017.2995056512,,0.095690057,0.050431246,OGI,2022-01-02,N/A,N/A,True,expired,False
0000000003,ABBT0137652,LevelController,LevelController_0,active,43,43,0,2022-11-19,,,0.0,19.216630512000002,,0.005172435,,,,N/A,N/A,False,,False
0000000000,ABBT0137652,LevelController,LevelController_0,expired,146,146,1,2021-05-27,2022-05-27,2022-05-27,0.0,32.623588339200005,,0.002586218,0.04295995033333333,OGI,2022-01-02,N/A,N/A,True,expired,False
0000000001,ABBT0137652,LevelController,LevelController_0,expired,180,180,1,2021-06-30,2022-06-30,2022-06-30,0.0,355.284242496,,0.022844923,0.04295995033333333,OGI,2022-01-02,N/A,N/A,True,expired,False
0000000002,ABBT0137652,LevelController,LevelController_0,expired,325,325,1,2021-11-22,2022-11-22,2022-11-22,0.0,2904.8397768000004,,0.10344871,0.04295995033333333,OGI,2022-01-02,N/A,N/A,True,expired,False
0000000004,ABBT0137652,PressureController,PressureController_0,active,174,174,0,2022-07-11,,,0.0,38.8801669248,,0.002586218,,,,N/A,N/A,False,,False
0000000000,ABBT0137652,PressureController,PressureController_0,expired,19,19,1,2021-01-20,2022-01-20,2022-01-20,0.0,37.5022255968,,0.022844923,0.032866517,OGI,2022-01-02,N/A,N/A,True,expired,False
0000000001,ABBT0137652,PressureController,PressureController_0,expired,114,114,1,2021-04-25,2022-04-25,2022-04-25,0.0,1018.9284140160001,,0.10344871,0.032866517,OGI,2022-01-02,N/A,N/A,True,expired,False
0000000002,ABBT0137652,PressureController,PressureController_0,expired,225,225,1,2021-08-14,2022-08-14,2022-08-14,0.0,150.82821432000003,,0.007758653,0.032866517,OGI,2022-01-02,N/A,N/A,True,expired,False
0000000003,ABBT0137652,PressureController,PressureController_0,expired,360,360,1,2021-12-27,2022-12-27,2022-12-27,0.0,160.88341824000003,,0.005172435,0.032866517,OGI,2022-01-02,N/A,N/A,True,expired,False
0000000000,ABBT0137652,Pump,Pump_0,expired,50,50,1,2021-02-20,2022-02-20,2022-02-20,0.0,446.8984272,,0.10344871,0.0556036815,OGI,2022-01-02,N/A,N/A,True,expired,False
0000000001,ABBT0137652,Pump,Pump_0,expired,286,286,1,2021-10-14,2022-10-14,2022-10-14,0.0,191.7194190912,,0.007758653,0.0556036815,OGI,2022-01-02,N/A,N/A,True,expired,False
0000000000,ABBT0139307,CatalyticHeater,Connector_0,repaired,17,17,1,2021-02-28,2022-01-18,2022-02-28,64.1299234176,26.5904560512,,0.018103524,0.0245690685,OGI,2022-01-02,True,OGI,N/A,N/A,True
0000000001,ABBT0139307,CatalyticHeater,Connector_0,repaired,17,17,1,2021-07-12,2022-01-18,2022-07-12,469.24334856,45.5836395744,,0.031034613,0.0245690685,OGI,2022-01-02,True,OGI,N/A,N/A,True
0000000001,ABBT0139307,CatalyticHeater,Regulator_0,active,288,288,0,2022-03-19,,2023-03-19,0.0,1737.5410787327999,,0.069827879,,,,False,,N/A,N/A,True
0000000000,ABBT0139307,CatalyticHeater,Regulator_0,repaired,17,17,1,2021-05-22,2022-01-18,2022-05-22,332.4924298368,45.5836395744,,0.031034613,0.031034613,OGI,2022-01-02,True,OGI,N/A,N/A,True
0000000000,ABBT0139307,CatalyticHeater,Valve_0,active,271,271,0,2022-04-05,,2023-04-05,0.0,1211.094737712,,0.051724355,,,,False,,N/A,N/A,True
0000000000,ABBT0139307,FlareKnockOutDrum,Connector_0,repaired,14,14,0,2021-01-15,2022-01-15,2022-01-15,0.0,37.539467884800004,,0.031034613,,,,True,natural,N/A,N/A,True
0000000000,ABBT0139307,FlareKnockOutDrum,Connector_5,repaired,17,17,1,2021-02-26,2022-01-18,2022-02-26,104.57423196479999,45.5836395744,,0.031034613,0.031034613,OGI,2022-01-02,True,OGI,N/A,N/A,True
0000000000,ABBT0139307,FlareKnockOutDrum,Connector_6,active,183,183,0,2022-07-02,,2023-07-02,0.0,490.6944730656,,0.031034613,,,,False,,N/A,N/A,True
0000000000,ABBT0139307,FlareKnockOutDrum,Connector_25,repaired,17,17,1,2021-03-10,2022-01-18,2022-03-10,79.7713681536,26.5904560512,,0.018103524,0.018103524,OGI,2022-01-02,True,OGI,N/A,N/A,True
0000000000,ABBT0139307,FlareKnockOutDrum,Valve_0,active,177,177,0,2022-07-08,,2023-07-08,0.0,474.60612968640004,,0.031034613,,,,False,,N/A,N/A,True
0000000000,ABBT0139307,FlareKnockOutDrum,Valve_5,repaired,286,286,0,2021-10-14,2022-10-14,2022-10-14,0.0,766.8777010752001,,0.031034613,,,,True,natural,N/A,N/A,True
0000000000,ABBT0139307,GasBoot,Connector_3,active,141,141,0,2022-08-13,,2023-08-13,0.0,31.5063421632,,0.002586218,,,,False,,N/A,N/A,True
0000000000,ABBT0139307,GasBoot,Connector_4,active,316,316,0,2022-02-19,,2023-02-19,0.0,847.3194179712,,0.031034613,,,,False,,N/A,N/A,True
0000000001,ABBT0139307,GasBoot,Connector_4,active,28,28,0,2022-12-04,,2023-12-04,0.0,125.131559616,,0.051724355,,,,False,,N/A,N/A,True
0000000000,ABBT0139307,GasBoot,Connector_7,active,87,87,0,2022-10-06,,2023-10-06,0.0,233.2809789984,,0.031034613,,,,False,,N/A,N/A,True
0000000000,ABBT0139307,GasBoot,Valve_1,repaired,83,83,0,2021-03-25,2022-03-25,2022-03-25,0.0,222.5554167456,,0.031034613,,,,True,natural,N/A,N/A,True
0000000000,ABBT0139307,GasPipelineHeader,Connector_26,active,140,140,0,2022-08-14,,2023-08-14,0.0,31.282892928000003,,0.002586218,,,,False,,N/A,N/A,True
0000000000,ABBT0139307,GasPipelineHeader,Valve_1,active,41,41,0,2022-11-21,,2023-11-21,0.0,18.322833744000004,,0.005172435,,,,False,,N/A,N/A,True
0000000000,ABBT0139307,GasPipelineHeader,Valve_9,repaired,301,301,0,2021-10-29,2022-10-29,2022-10-29,0.0,807.0985595231999,,0.031034613,,,,True,natural,N/A,N/A,True
0000000000,ABBT0139307,GasPipelineHeader,Valve_10,repaired,17,17,1,2021-01-11,2022-01-18,2022-01-11,0.0,45.5836395744,,0.031034613,0.031034613,OGI,2022-01-02,True,OGI,N/A,N/A,True
0000000000,ABBT0139307,GasPipelineHeader,Valve_11,active,13,13,0,2022-12-19,,2023-12-19,0.0,5.809678992000001,,0.005172435,,,,False,,N/A,N/A,True
0000000000,ABBT0139307,Incinerator,Connector_3,active,361,361,0,2022-01-05,,2023-01-05,0.0,80.66517390720001,,0.002586218,,,,False,,N/A,N/A,True
0000000000,ABBT0139307,Incinerator,Connector_28,repaired,6,6,0,2021-01-07,2022-01-07,2022-01-07,0.0,1.3406954112,,0.002586218,,,,True,natural,N/A,N/A,True
0000000000,ABBT0139307,Incinerator,Connector_45,repaired,244,244,0,2021-09-02,2022-09-02,2022-09-02,0.0,54.5216133888,,0.002586218,,,,True,natural,N/A,N/A,True
0000000000,ABBT0139307,Incinerator,Valve_4,repaired,17,17,1,2021-05-20,2022-01-18,2022-05-20,327.1296487104,45.5836395744,,0.031034613,0.031034613,OGI,2022-01-02,True,OGI,N/A,N/A,True
0000000000,ABBT0139307,LineHeater,Connector_15,repaired,17,17,1,2021-10-06,2022-01-18,2022-10-06,2157.8490613728,140.5495557216,,0.095690057,0.095690057,OGI,2022-01-02,True,OGI,N/A,N/A,True
0000000000,ABBT0139307,LineHeater,Connector_29,repaired,17,17,1,2021-11-13,2022-01-18,2022-11-13,467.6791976064,26.5904560512,,0.018103524,0.018103524,OGI,2022-01-02,True,OGI,N/A,N/A,True
0000000000,ABBT0139307,LineHeater,PSV_0,repaired,239,239,0,2021-08-28,2022-08-28,2022-08-28,0.0,1068.087241008,,0.051724355,,,,True,natural,N/A,N/A,True
0000000000,ABBT0139307,LiquidPipelineHeader,Connector_14,repaired,17,17,1,2021-05-31,2022-01-18,2022-05-31,1099.5935829984,140.5495557216,,0.095690057,0.095690057,OGI,2022-01-02,True,OGI,N/A,N/A,True
0000000000,ABBT0139307,LiquidPipelineHeader,Connector_26,repaired,17,17,1,2021-01-11,2022-01-18,2022-01-11,0.0,45.5836395744,,0.031034613,0.031034613,OGI,2022-01-02,True,OGI,N/A,N/A,True
0000000000,ABBT0139307,LiquidPipelineHeader,Valve_7,repaired,17,17,1,2021-08-04,2022-01-18,2022-08-04,309.70060577280003,26.5904560512,,0.018103524,0.018103524,OGI,2022-01-02,True,OGI,N/A,N/A,True
0000000000,ABBT0139307,PigTrap(GasService),Connector_6,repaired,17,17,1,2021-01-26,2022-01-18,2022-01-26,1.7875938816,3.7986369984,,0.002586218,0.002586218,OGI,2022-01-02,True,OGI,N/A,N/A,True
0000000000,ABBT0139307,PigTrap(GasService),Connector_7,repaired,17,17,1,2021-02-08,2022-01-18,2022-02-08,56.3092018272,45.5836395744,,0.031034613,0.0168104155,OGI,2022-01-02,True,OGI,N/A,N/A,True
0000000001,ABBT0139307,PigTrap(GasService),Connector_7,repaired,17,17,1,2021-02-26,2022-01-18,2022-02-26,8.7145201728,3.7986369984,,0.002586218,0.0168104155,OGI,2022-01-02,True,OGI,N/A,N/A,True
0000000000,ABBT0139307,PigTrap(GasService),Connector_11,active,130,130,0,2022-08-24,,2023-08-24,0.0,203.338781568,,0.018103524,,,,False,,N/A,N/A,True
0000000000,ABBT0139307,PigTrap(GasService),Connector_14,repaired,83,83,0,2021-03-25,2022-03-25,2022-03-25,0.0,222.5554167456,,0.031034613,,,,True,natural,N/A,N/A,True
0000000000,ABBT0139307,PigTrap(GasService),Connector_15,repaired,136,136,0,2021-05-17,2022-05-17,2022-05-17,0.0,1124.3964457728,,0.095690057,,,,True,natural,N/A,N/A,True
0000000000,ABBT0139307,PigTrap(GasService),Connector_16,active,8,8,0,2022-12-24,,2023-12-24,0.0,1.7875938816,,0.002586218,,,,False,,N/A,N/A,True
0000000000,ABBT0139307,PigTrap(GasService),Connector_17,active,249,249,0,2022-04-27,,2023-04-27,0.0,667.6662502368,,0.031034613,,,,False,,N/A,N/A,True
0000000000,ABBT0139307,PigTrap(GasService),Connector_18,active,28,28,0,2022-12-04,,2023-12-04,0.0,75.07893576960001,,0.031034613,,,,False,,N/A,N/A,True
0000000000,ABBT0139307,PigTrap(GasService),Connector_20,repaired,247,247,0,2021-09-05,2022-09-05,2022-09-05,0.0,2042.1023684256002,,0.095690057,,,,True,natural,N/A,N/A,True
0000000000,ABBT0139307,PigTrap(GasService),Connector_21,repaired,17,17,1,2021-07-01,2022-01-18,2022-07-01,439.7480523648,45.5836395744,,0.031034613,0.031034613,OGI,2022-01-02,True,OGI,N/A,N/A,True
0000000000,ABBT0139307,PopTank,Connector_3,active,256,256,0,2022-04-20,,2023-04-20,0.0,57.2030042112,,0.002586218,,,,False,,N/A,N/A,True
0000000001,ABBT0139307,PopTank,Othertank_0,active,246,246,0,2022-04-30,,2023-04-30,0.0,384.77954050560004,,0.018103524,,,,False,,N/A,N/A,True
0000000000,ABBT0139307,PopTank,Othertank_0,repaired,17,17,1,2021-10-10,2022-01-18,2022-10-10,710.568499248,45.5836395744,,0.031034613,0.031034613,OGI,2022-01-02,True,OGI,N/A,N/A,True
0000000000,ABBT0139307,ProductionTank(fixedroof-heavyoil),Connector_3,active,288,288,0,2022-03-19,,2023-03-19,0.0,1737.5410787327999,,0.069827879,,,,False,,N/A,N/A,True
0000000000,ABBT0139307,ProductionTank(fixedroof-heavyoil),Connector_13,repaired,17,17,1,2021-05-17,2022-01-18,2022-05-17,319.0854770208,45.5836395744,,0.031034613,0.031034613,OGI,2022-01-02,True,OGI,N/A,N/A,True
0000000000,ABBT0139307,ProductionTank(fixedroof-heavyoil),Connector_18,repaired,122,122,0,2021-05-03,2022-05-03,2022-05-03,0.0,27.2608066944,,0.002586218,,,,True,natural,N/A,N/A,True
0000000000,ABBT0139307,ScrewCompressor,Connector_20,repaired,17,17,1,2021-01-13,2022-01-18,2022-01-13,0.0,45.5836395744,,0.031034613,0.031034613,OGI,2022-01-02,True,OGI,N/A,N/A,True
0000000000,ABBT0139307,ScrewCompressor,Connector_50,repaired,5,5,0,2021-01-06,2022-01-06,2022-01-06,0.0,1.117246176,,0.002586218,,,,True,natural,N/A,N/A,True
0000000000,ABBT0139307,ScrewCompressor,Connector_96,active,174,174,0,2022-07-11,,2023-07-11,0.0,777.6032633280001,,0.051724355,,,,False,,N/A,N/A,True
0000000000,ABBT0139307,ScrewCompressor,Connector_134,repaired,276,276,0,2021-10-04,2022-10-04,2022-10-04,0.0,123.34395398400001,,0.005172435,,,,True,natural,N/A,N/A,True
0000000000,ABBT0139307,ScrewCompressor,Connector_186,repaired,36,36,0,2021-02-06,2022-02-06,2022-02-06,0.0,8.044172467200001,,0.002586218,,,,True,natural,N/A,N/A,True
0000000000,ABBT0139307,ScrewCompressor,Regulator_0,active,11,11,0,2022-12-21,,2023-12-21,0.0,49.15882699200001,,0.051724355,,,,False,,N/A,N/A,True
0000000000,ABBT0139307,Separator,Connector_2,repaired,17,17,1,2021-08-24,2022-01-18,2022-08-24,1315.2220665408001,102.5631886752,,0.069827879,0.069827879,OGI,2022-01-02,True,OGI,N/A,N/A,True
0000000000,ABBT0139307,Separator,Connector_6,active,145,145,0,2022-08-09,,2023-08-09,0.0,226.800948672,,0.018103524,,,,False,,N/A,N/A,True
0000000000,ABBT0139307,Separator,Connector_54,repaired,17,17,1,2021-01-26,2022-01-18,2022-01-26,21.4511245056,45.5836395744,,0.031034613,0.031034613,OGI,2022-01-02,True,OGI,N/A,N/A,True
0000000000,ABBT0139307,Separator,Connector_78,active,130,130,0,2022-08-24,,2023-08-24,0.0,203.338781568,,0.018103524,,,,False,,N/A,N/A,True
0000000000,ABBT0139307,Separator,Meter_0,repaired,17,17,1,2021-12-03,2022-01-18,2022-12-03,855.3635896608,45.5836395744,,0.031034613,0.031034613,OGI,2022-01-02,True,OGI,N/A,N/A,True
0000000000,ABBT0139307,Separator,Regulator_1,repaired,17,17,1,2021-03-04,2022-01-18,2022-03-04,120.66257534400002,45.5836395744,,0.031034613,0.031034613,OGI,2022-01-02,True,OGI,N/A,N/A,True
0000000000,ABBT0139307,Separator,Valve_2,repaired,318,318,0,2021-11-15,2022-11-15,2022-11-15,0.0,852.6821990976,,0.031034613,,,,True,natural,N/A,N/A,True
0000000003,ABBT0139307,Intermittent,Intermittent_0,active,158,158,0,2022-07-27,,,0.0,105.91492383360001,,0.007758653,,,,N/A,N/A,False,,False
0000000004,ABBT0139307,Intermittent,Intermittent_0,active,29,29,0,2022-12-03,,,0.0,57.2402390688,,0.022844923,,,,N/A,N/A,False,,False
0000000000,ABBT0139307,Intermittent,Intermittent_0,expired,65,65,1,2021-03-07,2022-03-07,2022-03-07,0.0,128.29708756800002,,0.022844923,0.004310362666666667,OGI,2022-01-02,N/A,N/A,True,expired,False
0000000001,ABBT0139307,Intermittent,Intermittent_0,expired,233,233,1,2021-08-22,2022-08-22,2022-08-22,0.0,104.127323472,,0.005172435,0.004310362666666667,OGI,2022-01-02,N/A,N/A,True,expired,False
0000000002,ABBT0139307,Intermittent,Intermittent_0,expired,340,340,1,2021-12-07,2022-12-07,2022-12-07,0.0,227.91819052800003,,0.007758653,0.004310362666666667,OGI,2022-01-02,N/A,N/A,True,expired,False
0000000000,ABBT0139307,LevelController,LevelController_0,active,191,191,0,2022-06-24,,,0.0,1579.1155966368,,0.095690057,,,,N/A,N/A,False,,False
0000000001,ABBT0139307,LevelController,LevelController_0,active,33,33,0,2022-11-29,,,0.0,65.1354444576,,0.022844923,,,,N/A,N/A,False,,False
0000000003,ABBT0139307,PressureController,PressureController_0,active,217,217,0,2022-05-29,,,0.0,145.46543336640002,,0.007758653,,,,N/A,N/A,False,,False
0000000004,ABBT0139307,PressureController,PressureController_0,active,186,186,0,2022-06-29,,,0.0,124.6846571712,,0.007758653,,,,N/A,N/A,False,,False
0000000005,ABBT0139307,PressureController,PressureController_0,active,170,170,0,2022-07-15,,,0.0,113.95909526400001,,0.007758653,,,,N/A,N/A,False,,False
0000000000,ABBT0139307,PressureController,PressureController_0,expired,202,202,1,2021-07-22,2022-07-22,2022-07-22,0.0,1805.469645888,,0.10344871,0.076580781,OGI,2022-01-02,N/A,N/A,True,expired,False
0000000001,ABBT0139307,PressureController,PressureController_0,expired,302,302,1,2021-10-30,2022-10-30,2022-10-30,0.0,596.0880068544,,0.022844923,0.076580781,OGI,2022-01-02,N/A,N/A,True,expired,False
0000000002,ABBT0139307,PressureController,PressureController_0,expired,344,344,1,2021-12-11,2022-12-11,2022-12-11,0.0,3074.661179136,,0.10344871,0.076580781,OGI,2022-01-02,N/A,N/A,True,expired,False
0000000000,ABBT0139307,Pump,Pump_0,expired,318,318,0,2021-11-15,2022-11-15,2022-11-15,0.0,71.0568567936,,0.002586218,,,,N/A,N/A,False,expired,False
0000000001,ABBT0139307,Pump,Pump_0,expired,361,361,0,2021-12-28,2022-12-28,2022-12-28,0.0,712.5422863392001,,0.022844923,,,,N/A,N/A,False,expired,False
0000000002,ABBT0139307,Transducer,Transducer_0,active,123,123,0,2022-08-31,,,0.0,54.96850123200001,,0.005172435,,,,N/A,N/A,False,,False
0000000003,ABBT0139307,Transducer,Transducer_0,active,114,114,0,2022-09-09,,,0.0,225.0133535808,,0.022844923,,,,N/A,N/A,False,,False
0000000000,ABBT0139307,Transducer,Transducer_0,expired,15,15,0,2021-01-16,2022-01-16,2022-01-16,0.0,6.703475760000001,,0.005172435,,,,N/A,N/A,False,expired,False
0000000001,ABBT0139307,Transducer,Transducer_0,expired,208,208,0,2021-07-28,2022-07-28,2022-07-28,0.0,46.47744092160001,,0.002586218,,,,N/A,N/A,False,expired,False
0000000000,ABBT0112747,CatalyticHeater,Connector_0,repaired,17,17,1,2021-05-28,2022-01-18,2022-05-28,348.580773216,45.5836395744,,0.031034613,0.031034613,OGI,2022-01-02,True,OGI,N/A,N/A,True
0000000000,ABBT0112747,CatalyticHeater,Regulator_0,active,110,110,0,2022-09-13,,2023-09-13,0.0,49.158822240000006,,0.005172435,,,,False,,N/A,N/A,True
0000000000,ABBT0112747,CatalyticHeater,Valve_0,repaired,165,165,0,2021-06-15,2022-06-15,2022-06-15,0.0,36.869123808000005,,0.002586218,,,,True,natural,N/A,N/A,True
0000000001,ABBT0112747,CatalyticHeater,Valve_0,repaired,222,222,0,2021-08-11,2022-08-11,2022-08-11,0.0,49.605730214400005,,0.002586218,,,,True,natural,N/A,N/A,True
0000000000,ABBT0112747,CatalyticHeater,CatadyneHeater_0,active,230,230,0,2022-05-16,,2023-05-16,0.0,1901.552812704,,0.095690057,,,,False,,N/A,N/A,True
0000000001,ABBT0112747,CatalyticHeater,CatadyneHeater_0,active,42,42,0,2022-11-20,,2023-11-20,0.0,9.3848678784,,0.002586218,,,,False,,N/A,N/A,True
0000000000,ABBT0112747,FlareKnockOutDrum,Connector_5,repaired,75,75,0,2021-03-17,2022-03-17,2022-03-17,0.0,201.10429224,,0.031034613,,,,True,natural,N/A,N/A,True
0000000000,ABBT0112747,FlareKnockOutDrum,Connector_32,active,344,344,0,2022-01-22,,2023-01-22,0.0,922.3983537408001,,0.031034613,,,,False,,N/A,N/A,True
0000000000,ABBT0112747,FlareKnockOutDrum,Connector_35,active,69,69,0,2022-10-24,,2023-10-24,0.0,185.0159488608,,0.031034613,,,,False,,N/A,N/A,True
0000000000,ABBT0112747,FlareKnockOutDrum,OpenEndedLine_0,active,294,294,0,2022-03-13,,2023-03-13,0.0,2430.6805518912,,0.095690057,,,,False,,N/A,N/A,True
0000000000,ABBT0112747,GasBoot,Connector_1,repaired,147,147,0,2021-05-28,2022-05-28,2022-05-28,0.0,32.8470375744,,0.002586218,,,,True,natural,N/A,N/A,True
0000000000,ABBT0112747,GasBoot,Connector_2,active,272,272,0,2022-04-04,,2023-04-04,0.0,1215.563721984,,0.051724355,,,,False,,N/A,N/A,True
0000000000,ABBT0112747,GasPipelineHeader,Connector_3,repaired,126,126,0,2021-05-07,2022-05-07,2022-05-07,0.0,28.1546036352,,0.002586218,,,,True,natural,N/A,N/A,True
0000000000,ABBT0112747,Incinerator,Connector_19,active,264,264,0,2022-04-12,,2023-04-12,0.0,1179.811847808,,0.051724355,,,,False,,N/A,N/A,True
0000000000,ABBT0112747,Incinerator,Valve_4,repaired,17,17,1,2021-09-01,2022-01-18,2022-09-01,1868.4823290048,140.5495557216,,0.095690057,0.095690057,OGI,2022-01-02,True,OGI,N/A,N/A,True
0000000000,ABBT0112747,Incinerator,Valve_7,active,107,107,0,2022-09-16,,2023-09-16,0.0,167.3634586752,,0.018103524,,,,False,,N/A,N/A,True
0000000000,ABBT0112747,LineHeater,Connector_3,repaired,221,221,0,2021-08-10,2022-08-10,2022-08-10,0.0,987.6455241120001,,0.051724355,,,,True,natural,N/A,N/A,True
0000000000,ABBT0112747,LineHeater,Connector_5,repaired,228,228,0,2021-08-17,2022-08-17,2022-08-17,0.0,611.3570484096,,0.031034613,,,,True,natural,N/A,N/A,True
0000000000,ABBT0112747,LineHeater,Connector_15,active,177,177,0,2022-07-08,,2023-07-08,0.0,39.5505146304,,0.002586218,,,,False,,N/A,N/A,True
0000000000,ABBT0112747,LineHeater,Connector_27,repaired,304,304,0,2021-11-01,2022-11-01,2022-11-01,0.0,815.1427312128001,,0.031034613,,,,True,natural,N/A,N/A,True
0000000000,ABBT0112747,LineHeater,Connector_54,active,117,117,0,2022-09-06,,2023-09-06,0.0,313.7226958944,,0.031034613,,,,False,,N/A,N/A,True
0000000000,ABBT0112747,LiquidPipelineHeader,Connector_35,active,273,273,0,2022-04-03,,2023-04-03,0.0,732.0196237536001,,0.031034613,,,,False,,N/A,N/A,True
0000000000,ABBT0112747,LiquidPipelineHeader,Connector_38,active,69,69,0,2022-10-24,,2023-10-24,0.0,185.0159488608,,0.031034613,,,,False,,N/A,N/A,True
0000000000,ABBT0112747,LiquidPipelineHeader,Connector_39,active,106,106,0,2022-09-17,,2023-09-17,0.0,284.2273996992,,0.031034613,,,,False,,N/A,N/A,True
0000000000,ABBT0112747,LiquidPipelineHeader,Connector_90,active,345,345,0,2022-01-21,,2023-01-21,0.0,77.08998614400001,,0.002586218,,,,False,,N/A,N/A,True
0000000000,ABBT0112747,LiquidPipelineHeader,Connector_96,repaired,298,298,0,2021-10-26,2022-10-26,2022-10-26,0.0,799.0543878336,,0.031034613,,,,True,natural,N/A,N/A,True
0000000000,ABBT0112747,LiquidPipelineHeader,Valve_6,active,94,94,0,2022-09-29,,2023-09-29,0.0,21.004228108800003,,0.002586218,,,,False,,N/A,N/A,True
0000000000,ABBT0112747,LiquidPipelineHeader,Valve_28,active,170,170,0,2022-07-15,,2023-07-15,0.0,455.836395744,,0.031034613,,,,False,,N/A,N/A,True
0000000000,ABBT0112747,PigTrap(GasService),Connector_1,active,362,362,0,2022-01-04,,2023-01-04,0.0,161.777215008,,0.005172435,,,,False,,N/A,N/A,True
0000000000,ABBT0112747,PigTrap(GasService),Connector_11,repaired,112,112,0,2021-04-23,2022-04-23,2022-04-23,0.0,175.1841810432,,0.018103524,,,,True,natural,N/A,N/A,True
0000000000,ABBT0112747,PigTrap(GasService),Connector_17,active,55,55,0,2022-11-07,,2023-11-07,0.0,331.822081008,,0.069827879,,,,False,,N/A,N/A,True
0000000000,ABBT0112747,PigTrap(GasService),Valve_6,active,253,253,0,2022-04-23,,2023-04-23,0.0,56.5326565056,,0.002586218,,,,False,,N/A,N/A,True
0000000000,ABBT0112747,PopTank,Connector_2,repaired,90,90,0,2021-04-01,2022-04-01,2022-04-01,0.0,241.32515068800004,,0.031034613,,,,True,natural,N/A,N/A,True
0000000000,ABBT0112747,PopTank,Connector_3,repaired,200,200,0,2021-07-20,2022-07-20,2022-07-20,0.0,536.27811264,,0.031034613,,,,True,natural,N/A,N/A,True
0000000001,ABBT0112747,PopTank,Connector_3,repaired,223,223,0,2021-08-12,2022-08-12,2022-08-12,0.0,597.9500955936,,0.031034613,,,,True,natural,N/A,N/A,True
0000000000,ABBT0112747,PopTank,OpenEndedLine_0,repaired,287,287,0,2021-10-15,2022-10-15,2022-10-15,0.0,769.5590916384,,0.031034613,,,,True,natural,N/A,N/A,True
0000000000,ABBT0112747,PopTank,Valve_0,repaired,17,17,1,2021-10-04,2022-01-18,2022-10-04,694.4801558688,45.5836395744,,0.031034613,0.031034613,OGI,2022-01-02,True,OGI,N/A,N/A,True
0000000000,ABBT0112747,ProductionTank(fixedroof-heavyoil),Connector_3,active,174,174,0,2022-07-11,,2023-07-11,0.0,466.5619579968,,0.031034613,,,,False,,N/A,N/A,True
0000000000,ABBT0112747,ProductionTank(fixedroof-heavyoil),Connector_6,repaired,219,219,0,2021-08-08,2022-08-08,2022-08-08,0.0,587.2245333408,,0.031034613,,,,True,natural,N/A,N/A,True
0000000000,ABBT0112747,ProductionTank(fixedroof-heavyoil),Connector_12,active,62,62,0,2022-10-31,,2023-10-31,0.0,277.077024864,,0.051724355,,,,False,,N/A,N/A,True
0000000000,ABBT0112747,ProductionTank(fixedroof-heavyoil),Connector_22,active,182,182,0,2022-07-03,,2023-07-03,0.0,81.33550588800001,,0.005172435,,,,False,,N/A,N/A,True
0000000000,ABBT0112747,ProductionTank(fixedroof-heavyoil),Connector_35,repaired,312,312,0,2021-11-09,2022-11-09,2022-11-09,0.0,836.5938557183999,,0.031034613,,,,True,natural,N/A,N/A,True
0000000000,ABBT0112747,ProductionTank(fixedroof-heavyoil),Valve_9,repaired,34,34,0,2021-02-04,2022-02-04,2022-02-04,0.0,151.945465248,,0.051724355,,,,True,natural,N/A,N/A,True
0000000001,ABBT0112747,ProductionTank(fixedroof-heavyoil),Valve_9,repaired,248,248,0,2021-09-06,2022-09-06,2022-09-06,0.0,55.4154103296,,0.002586218,,,,True,natural,N/A,N/A,True
0000000000,ABBT0112747,ScrewCompressor,Connector_91,active,354,354,0,2022-01-12,,2023-01-12,0.0,79.1010292608,,0.002586218,,,,False,,N/A,N/A,True
0000000000,ABBT0112747,ScrewCompressor,Connector_102,active,320,320,0,2022-02-15,,2023-02-15,0.0,71.503755264,,0.002586218,,,,False,,N/A,N/A,True
0000000000,ABBT0112747,Separator,Connector_38,active,264,264,0,2022-04-12,,2023-04-12,0.0,707.8871086848001,,0.031034613,,,,False,,N/A,N/A,True
0000000000,ABBT0112747,Separator,Connector_55,repaired,359,359,0,2021-12-26,2022-12-26,2022-12-26,0.0,561.5278660224,,0.018103524,,,,True,natural,N/A,N/A,True
0000000000,ABBT0112747,Separator,Connector_68,active,109,109,0,2022-09-14,,2023-09-14,0.0,292.2715713888,,0.031034613,,,,False,,N/A,N/A,True
0000000001,ABBT0112747,Intermittent,Intermittent_0,active,329,329,0,2022-02-06,,,0.0,220.5443667168,,0.007758653,,,,N/A,N/A,False,,False
0000000002,ABBT0112747,Intermittent,Intermittent_0,active,305,305,0,2022-03-02,,,0.0,68.15201673600001,,0.002586218,,,,N/A,N/A,False,,False
0000000003,ABBT0112747,Intermittent,Intermittent_0,active,293,293,0,2022-03-14,,,0.0,196.41185242560002,,0.007758653,,,,N/A,N/A,False,,False
0000000004,ABBT0112747,Intermittent,Intermittent_0,active,257,257,0,2022-04-19,,,0.0,172.2793381344,,0.007758653,,,,N/A,N/A,False,,False
0000000005,ABBT0112747,Intermittent,Intermittent_0,active,242,242,0,2022-05-04,,,0.0,477.6599260224,,0.022844923,,,,N/A,N/A,False,,False
0000000000,ABBT0112747,Intermittent,Intermittent_0,expired,135,135,0,2021-05-16,2022-05-16,2022-05-16,0.0,1116.128824848,,0.095690057,,,,N/A,N/A,False,expired,False
0000000002,ABBT0112747,LevelController,LevelController_0,active,213,213,0,2022-06-02,,,0.0,420.41968695360003,,0.022844923,,,,N/A,N/A,False,,False
0000000000,ABBT0112747,LevelController,LevelController_0,expired,17,17,1,2021-01-18,2022-01-18,2022-01-18,0.0,3.7986369984,,0.002586218,0.053017464,OGI,2022-01-02,N/A,N/A,True,expired,False
0000000001,ABBT0112747,LevelController,LevelController_0,expired,117,117,1,2021-04-28,2022-04-28,2022-04-28,0.0,1045.7423196480001,,0.10344871,0.053017464,OGI,2022-01-02,N/A,N/A,True,expired,False
0000000004,ABBT0112747,PressureController,PressureController_0,active,233,233,0,2022-05-13,,,0.0,104.127323472,,0.005172435,,,,N/A,N/A,False,,False
0000000005,ABBT0112747,PressureController,PressureController_0,active,16,16,0,2022-12-16,,,0.0,143.007496704,,0.10344871,,,,N/A,N/A,False,,False
0000000000,ABBT0112747,PressureController,PressureController_0,expired,145,145,1,2021-05-26,2022-05-26,2022-05-26,0.0,64.80026568000001,,0.005172435,0.012715570249999999,OGI,2022-01-02,N/A,N/A,True,expired,False
0000000001,ABBT0112747,PressureController,PressureController_0,expired,185,185,1,2021-07-05,2022-07-05,2022-07-05,0.0,365.153249232,,0.022844923,0.012715570249999999,OGI,2022-01-02,N/A,N/A,True,expired,False
0000000002,ABBT0112747,PressureController,PressureController_0,expired,237,237,1,2021-08-26,2022-08-26,2022-08-26,0.0,105.91491700800002,,0.005172435,0.012715570249999999,OGI,2022-01-02,N/A,N/A,True,expired,False
0000000003,ABBT0112747,PressureController,PressureController_0,expired,291,291,1,2021-10-19,2022-10-19,2022-10-19,0.0,574.3761920352,,0.022844923,0.012715570249999999,OGI,2022-01-02,N/A,N/A,True,expired,False
0000000003,ABBT0112747,Pump,Pump_0,active,358,358,0,2022-01-08,,,0.0,706.6208822976,,0.022844923,,,,N/A,N/A,False,,False
0000000004,ABBT0112747,Pump,Pump_0,active,321,321,0,2022-02-14,,,0.0,633.5902324512001,,0.022844923,,,,N/A,N/A,False,,False
0000000005,ABBT0112747,Pump,Pump_0,active,90,90,0,2022-10-03,,,0.0,20.110431168,,0.002586218,,,,N/A,N/A,False,,False
0000000000,ABBT0112747,Pump,Pump_0,expired,19,19,1,2021-01-20,2022-01-20,2022-01-20,0.0,157.0847975712,,0.095690057,0.033620831,OGI,2022-01-02,N/A,N/A,True,expired,False
0000000001,ABBT0112747,Pump,Pump_0,expired,58,58,1,2021-02-28,2022-02-28,2022-02-28,0.0,12.9600556416,,0.002586218,0.033620831,OGI,2022-01-02,N/A,N/A,True,expired,False
0000000002,ABBT0112747,Pump,Pump_0,expired,125,125,1,2021-05-06,2022-05-06,2022-05-06,0.0,27.931154400000004,,0.002586218,0.033620831,OGI,2022-01-02,N/A,N/A,True,expired,False
0000000000,ABBT0112747,Transducer,Transducer_0,expired,346,346,0,2021-12-13,2022-12-13,2022-12-13,0.0,154.62684086400003,,0.005172435,,,,N/A,N/A,False,expired,False
0000000001,ABBT0121496,CatalyticHeater,CatadyneHeater_0,active,329,329,0,2022-02-06,,2023-02-06,0.0,73.5147983808,,0.002586218,,,,False,,N/A,N/A,True
0000000002,ABBT0121496,CatalyticHeater,CatadyneHeater_0,active,281,281,0,2022-03-26,,2023-03-26,0.0,753.4707482592,,0.031034613,,,,False,,N/A,N/A,True
0000000000,ABBT0121496,CatalyticHeater,CatadyneHeater_0,repaired,173,173,0,2021-06-23,2022-06-23,2022-06-23,0.0,463.8805674336,,0.031034613,,,,True,natural,N/A,N/A,True
0000000000,ABBT0121496,FlareKnockOutDrum,Connector_20,repaired,18,18,2,2021-06-09,2022-01-19,2022-06-09,220.5443707776,28.154600524800003,,0.018103524,0.018103524,OGI,2022-01-03,True,OGI,N/A,N/A,True
0000000000,ABBT0121496,FlareKnockOutDrum,Valve_3,repaired,18,18,2,2021-04-11,2022-01-19,2022-04-11,494.7165571392,108.59631742079999,,0.069827879,0.069827879,OGI,2022-01-03,True,OGI,N/A,N/A,True
0000000000,ABBT0121496,GasBoot,Connector_2,active,100,100,0,2022-09-23,,2023-09-23,0.0,826.7620924800001,,0.095690057,,,,False,,N/A,N/A,True
0000000000,ABBT0121496,GasBoot,Connector_9,repaired,166,166,0,2021-06-16,2022-06-16,2022-06-16,0.0,445.1108334912,,0.031034613,,,,True,natural,N/A,N/A,True
0000000000,ABBT0121496,GasBoot,Valve_2,repaired,18,18,2,2021-08-14,2022-01-19,2022-08-14,1248.8576503392,108.59631742079999,,0.069827879,0.069827879,OGI,2022-01-03,True,OGI,N/A,N/A,True
0000000000,ABBT0121496,GasBoot,Valve_3,repaired,18,18,2,2021-06-20,2022-01-19,2022-06-20,407.57136560640004,48.26503013760001,,0.031034613,0.031034613,OGI,2022-01-03,True,OGI,N/A,N/A,True
0000000000,ABBT0121496,GasPipelineHeader,Connector_23,repaired,18,18,2,2021-12-09,2022-01-19,2022-12-09,1954.7337135743999,108.59631742079999,,0.069827879,0.069827879,OGI,2022-01-03,True,OGI,N/A,N/A,True
0000000000,ABBT0121496,GasSweeteningAmine,Connector_1,repaired,18,18,2,2021-06-14,2022-01-19,2022-06-14,391.48302222719997,48.26503013760001,,0.031034613,0.031034613,OGI,2022-01-03,True,OGI,N/A,N/A,True
0000000000,ABBT0121496,GasSweeteningAmine,Connector_17,active,156,156,0,2022-07-29,,2023-07-29,0.0,34.8580806912,,0.002586218,,,,False,,N/A,N/A,True
0000000001,ABBT0121496,GasSweeteningAmine,Connector_17,active,10,10,0,2022-12-22,,2023-12-22,0.0,2.234492352,,0.002586218,,,,False,,N/A,N/A,True
0000000000,ABBT0121496,GasSweeteningAmine,Connector_31,repaired,84,84,0,2021-03-26,2022-03-26,2022-03-26,0.0,225.2368073088,,0.031034613,,,,True,natural,N/A,N/A,True
0000000000,ABBT0121496,LineHeater,Connector_3,active,215,215,0,2022-05-31,,2023-05-31,0.0,576.4989710880001,,0.031034613,,,,False,,N/A,N/A,True
0000000000,ABBT0121496,LineHeater,Connector_20,active,6,6,0,2022-12-26,,2023-12-26,0.0,16.0883433792,,0.031034613,,,,False,,N/A,N/A,True
0000000000,ABBT0121496,LineHeater,Connector_29,active,316,316,0,2022-02-19,,2023-02-19,0.0,1906.4686836096,,0.069827879,,,,False,,N/A,N/A,True
0000000000,ABBT0121496,LineHeater,Valve_4,repaired,1,1,0,2021-01-02,2022-01-02,2022-01-02,0.0,2.6813905632,,0.031034613,,,,True,natural,N/A,N/A,True
0000000000,ABBT0121496,LiquidPipelineHeader,Connector_1,active,36,36,0,2022-11-26,,2023-11-26,0.0,56.309201049600006,,0.018103524,,,,False,,N/A,N/A,True
0000000000,ABBT0121496,LiquidPipelineHeader,Connector_10,repaired,18,18,2,2021-12-02,2022-01-19,2022-12-02,1416.6680142240002,80.441716896,,0.051724355,0.051724355,OGI,2022-01-03,True,OGI,N/A,N/A,True
0000000000,ABBT0121496,LiquidPipelineHeader,Connector_16,repaired,18,18,2,2021-09-02,2022-01-19,2022-09-02,605.9942672832,48.26503013760001,,0.031034613,0.031034613,OGI,2022-01-03,True,OGI,N/A,N/A,True
0000000000,ABBT0121496,LiquidPipelineHeader,Connector_72,repaired,18,18,2,2021-11-22,2022-01-19,2022-11-22,480.19235339520003,28.154600524800003,,0.018103524,0.018103524,OGI,2022-01-03,True,OGI,N/A,N/A,True
0000000000,ABBT0121496,LiquidPipelineHeader,Connector_85,active,180,180,0,2022-07-05,,2023-07-05,0.0,482.6503013760001,,0.031034613,,,,False,,N/A,N/A,True
0000000001,ABBT0121496,LiquidPipelineHeader,Connector_85,active,2,2,0,2022-12-30,,2023-12-30,0.0,5.3627811264,,0.031034613,,,,False,,N/A,N/A,True
0000000000,ABBT0121496,LiquidPipelineHeader,Valve_3,active,190,190,0,2022-06-25,,2023-06-25,0.0,297.187449984,,0.018103524,,,,False,,N/A,N/A,True
0000000000,ABBT0121496,LiquidPipelineHeader,Valve_19,repaired,1,1,0,2021-01-01,2022-01-02,2022-01-01,0.0,2.6813905632,,0.031034613,,,,True,natural,N/A,N/A,True
0000000000,ABBT0121496,LiquidPump,Connector_5,active,211,211,0,2022-06-04,,2023-06-04,0.0,942.9556813920001,,0.051724355,,,,False,,N/A,N/A,True
0000000000,ABBT0121496,LiquidPump,PumpSeal_0,active,138,138,0,2022-08-16,,2023-08-16,0.0,370.0318977216,,0.031034613,,,,False,,N/A,N/A,True
0000000000,ABBT0121496,PigTrap(GasService),Connector_14,active,326,326,0,2022-02-09,,2023-02-09,0.0,1456.888872672,,0.051724355,,,,False,,N/A,N/A,True
0000000000,ABBT0121496,PigTrap(GasService),Connector_16,repaired,18,18,2,2021-11-07,2022-01-19,2022-11-07,2414.1453100415997,148.81717664640001,,0.095690057,0.095690057,OGI,2022-01-03,True,OGI,N/A,N/A,True
0000000000,ABBT0121496,PigTrap(GasService),Connector_21,repaired,240,240,0,2021-08-29,2022-08-29,2022-08-29,0.0,643.533735168,,0.031034613,,,,True,natural,N/A,N/A,True
0000000000,ABBT0121496,PigTrap(LiquidService),Connector_0,repaired,363,363,0,2021-12-30,2022-12-30,2022-12-30,0.0,162.22411339200002,,0.005172435,,,,True,natural,N/A,N/A,True
0000000000,ABBT0121496,PigTrap(LiquidService),Connector_1,repaired,18,18,2,2021-01-20,2022-01-19,2022-01-20,1.5641444736,28.154600524800003,,0.018103524,0.0155173065,OGI,2022-01-03,True,OGI,N/A,N/A,True
0000000001,ABBT0121496,PigTrap(LiquidService),Connector_1,repaired,18,18,2,2021-01-22,2022-01-19,2022-01-22,8.0441716896,48.26503013760001,,0.031034613,0.0155173065,OGI,2022-01-03,True,OGI,N/A,N/A,True
0000000000,ABBT0121496,PigTrap(LiquidService),Connector_14,repaired,18,18,2,2021-09-09,2022-01-19,2022-09-09,624.7640012256,48.26503013760001,,0.031034613,0.031034613,OGI,2022-01-03,True,OGI,N/A,N/A,True
0000000000,ABBT0121496,PopTank,Connector_0,active,172,172,0,2022-07-13,,2023-07-13,0.0,269.0328494592,,0.018103524,,,,False,,N/A,N/A,True
0000000000,ABBT0121496,PopTank,Valve_0,repaired,204,204,0,2021-07-24,2022-07-24,2022-07-24,0.0,45.583643980800005,,0.002586218,,,,True,natural,N/A,N/A,True
0000000000,ABBT0121496,PowerGenerator(naturalgasfired),Connector_1,repaired,32,32,0,2021-02-02,2022-02-02,2022-02-02,0.0,14.300748288000001,,0.005172435,,,,True,natural,N/A,N/A,True
0000000000,ABBT0121496,PowerGenerator(naturalgasfired),Connector_14,active,318,318,0,2022-02-17,,2023-02-17,0.0,497.39794260480005,,0.018103524,,,,False,,N/A,N/A,True
0000000000,ABBT0121496,PowerGenerator(naturalgasfired),Connector_94,repaired,18,18,2,2021-07-27,2022-01-19,2022-07-27,1140.2613329183998,108.59631742079999,,0.069827879,0.069827879,OGI,2022-01-03,True,OGI,N/A,N/A,True
0000000000,ABBT0121496,ProductionTank(fixedroof-heavyoil),Connector_3,active,35,35,0,2022-11-27,,2023-11-27,0.0,289.366732368,,0.095690057,,,,False,,N/A,N/A,True
0000000000,ABBT0121496,ProductionTank(fixedroof-heavyoil),Connector_36,repaired,18,18,2,2021-08-21,2022-01-19,2022-08-21,573.8175805248001,48.26503013760001,,0.031034613,0.031034613,OGI,2022-01-03,True,OGI,N/A,N/A,True
0000000000,ABBT0121496,PropaneFuelTank,Connector_3,active,238,238,0,2022-05-08,,2023-05-08,0.0,1435.8846414528,,0.069827879,,,,False,,N/A,N/A,True
0000000000,ABBT0121496,PropaneFuelTank,Connector_6,active,139,139,0,2022-08-15,,2023-08-15,0.0,372.7132882848,,0.031034613,,,,False,,N/A,N/A,True
0000000000,ABBT0121496,ReciprocatingCompressor,Connector_26,active,288,288,0,2022-03-19,,2023-03-19,0.0,772.2404822016001,,0.031034613,,,,False,,N/A,N/A,True
0000000000,ABBT0121496,ReciprocatingCompressor,Connector_61,active,10,10,0,2022-12-22,,2023-12-22,0.0,82.676209248,,0.095690057,,,,False,,N/A,N/A,True
0000000000,ABBT0121496,ReciprocatingCompressor,Connector_82,active,14,14,0,2022-12-18,,2023-12-18,0.0,6.256577376,,0.005172435,,,,False,,N/A,N/A,True
0000000000,ABBT0121496,ReciprocatingCompressor,Connector_133,repaired,73,73,0,2021-03-15,2022-03-15,2022-03-15,0.0,32.623582032,,0.005172435,,,,True,natural,N/A,N/A,True
0000000000,ABBT0121496,ReciprocatingCompressor,Connector_140,active,120,120,0,2022-09-03,,2023-09-03,0.0,321.766867584,,0.031034613,,,,False,,N/A,N/A,True
0000000000,ABBT0121496,ReciprocatingCompressor,Connector_199,repaired,18,18,2,2021-02-25,2022-01-19,2022-02-25,57.8733455232,28.154600524800003,,0.018103524,0.018103524,OGI,2022-01-03,True,OGI,N/A,N/A,True
0000000000,ABBT0121496,Reciprocating Compressor-ElectricDriver,Connector_25,active,244,244,0,2022-05-02,,2023-05-02,0.0,654.2592974208,,0.031034613,,,,False,,N/A,N/A,True
0000000000,ABBT0121496,Reciprocating Compressor-ElectricDriver,Connector_182,repaired,69,69,0,2021-03-11,2022-03-11,2022-03-11,0.0,185.0159488608,,0.031034613,,,,True,natural,N/A,N/A,True
0000000000,ABBT0121496,Reciprocating Compressor-ElectricDriver,Connector_213,repaired,18,18,2,2021-04-18,2022-01-19,2022-04-18,735.8182623072,148.81717664640001,,0.095690057,0.095690057,OGI,2022-01-03,True,OGI,N/A,N/A,True
0000000000,ABBT0121496,ScrewCompressor,Connector_84,active,362,362,0,2022-01-04,,2023-01-04,0.0,80.88862314240001,,0.002586218,,,,False,,N/A,N/A,True
0000000000,ABBT0121496,ScrewCompressor,Connector_178,active,271,271,0,2022-04-05,,2023-04-05,0.0,60.5547427392,,0.002586218,,,,False,,N/A,N/A,True
0000000000,ABBT0121496,ScrewCompressor,Valve_12,active,218,218,0,2022-05-28,,2023-05-28,0.0,584.5431427776,,0.031034613,,,,False,,N/A,N/A,True
0000000000,ABBT0121496,ScrewCompressor-ElectricDriver,Connector_2,active,101,101,0,2022-09-22,,2023-09-22,0.0,157.9785918336,,0.018103524,,,,False,,N/A,N/A,True
0000000000,ABBT0121496,ScrewCompressor-ElectricDriver,Connector_42,repaired,173,173,0,2021-06-23,2022-06-23,2022-06-23,0.0,38.6567176896,,0.002586218,,,,True,natural,N/A,N/A,True
0000000000,ABBT0121496,ScrewCompressor-ElectricDriver,Connector_58,repaired,18,18,2,2021-02-09,2022-01-19,2022-02-09,56.3092018272,48.26503013760001,,0.031034613,0.031034613,OGI,2022-01-03,True,OGI,N/A,N/A,True
0000000000,ABBT0121496,ScrewCompressor-ElectricDriver,Connector_73,repaired,18,18,2,2021-01-25,2022-01-19,2022-01-25,16.0883433792,48.26503013760001,,0.031034613,0.031034613,OGI,2022-01-03,True,OGI,N/A,N/A,True
0000000000,ABBT0121496,Scrubber,Connector_4,active,59,59,0,2022-11-03,,2023-11-03,0.0,158.2020432288,,0.031034613,,,,False,,N/A,N/A,True
0000000000,ABBT0121496,Scrubber,Connector_8,repaired,18,18,2,2021-03-30,2022-01-19,2022-03-30,187.697339424,48.26503013760001,,0.031034613,0.031034613,OGI,2022-01-03,True,OGI,N/A,N/A,True
0000000000,ABBT0121496,Scrubber,Connector_47,repaired,23,23,0,2021-01-24,2022-01-24,2022-01-24,0.0,61.6719829536,,0.031034613,,,,True,natural,N/A,N/A,True
0000000000,ABBT0121496,Scrubber,Connector_52,active,17,17,0,2022-12-15,,2023-12-15,0.0,102.5631886752,,0.069827879,,,,False,,N/A,N/A,True
0000000000,ABBT0121496,Scrubber,Connector_57,active,338,338,0,2022-01-28,,2023-01-28,0.0,75.52584149760001,,0.002586218,,,,False,,N/A,N/A,True
0000000000,ABBT0121496,Separator,Connector_7,active,104,104,0,2022-09-19,,2023-09-19,0.0,278.8646185728,,0.031034613,,,,False,,N/A,N/A,True
0000000000,ABBT0121496,Separator,Connector_10,active,108,108,0,2022-09-15,,2023-09-15,0.0,289.59018082560004,,0.031034613,,,,False,,N/A,N/A,True
0000000000,ABBT0121496,Separator,Connector_37,active,341,341,0,2022-01-25,,2023-01-25,0.0,914.3541820512,,0.031034613,,,,False,,N/A,N/A,True
0000000000,ABBT0121496,Separator,PSV_0,active,14,14,0,2022-12-18,,2023-12-18,0.0,3.1282892928,,0.002586218,,,,False,,N/A,N/A,True
0000000000,ABBT0121496,TankHeater,Connector_6,active,88,88,0,2022-10-05,,2023-10-05,0.0,39.327057792000005,,0.005172435,,,,False,,N/A,N/A,True
0000000000,ABBT0121496,TankHeater,Connector_10,active,163,163,0,2022-07-22,,2023-07-22,0.0,437.06666180160005,,0.031034613,,,,False,,N/A,N/A,True
0000000000,ABBT0121496,TankHeater,Connector_22,repaired,2,2,0,2021-01-03,2022-01-03,2022-01-03,0.0,5.3627811264,,0.031034613,,,,True,natural,N/A,N/A,True
0000000000,ABBT0121496,Treater,Connector_9,active,99,99,0,2022-09-24,,2023-09-24,0.0,154.85030288640002,,0.018103524,,,,False,,N/A,N/A,True
0000000000,ABBT0121496,Treater,Connector_24,active,49,49,0,2022-11-13,,2023-11-13,0.0,131.38813759680002,,0.031034613,,,,False,,N/A,N/A,True
0000000000,ABBT0121496,Treater,Connector_30,active,158,158,0,2022-07-27,,2023-07-27,0.0,706.099514976,,0.051724355,,,,False,,N/A,N/A,True
0000000000,ABBT0121496,Treater,Connector_47,active,275,275,0,2022-04-01,,2023-04-01,0.0,2273.59575432,,0.095690057,,,,False,,N/A,N/A,True
0000000000,ABBT0121496,Treater,Valve_6,repaired,18,18,2,2021-07-11,2022-01-19,2022-07-11,38.6567176896,4.0220862336000005,,0.002586218,0.002586218,OGI,2022-01-03,True,OGI,N/A,N/A,True
0000000000,ABBT0121496,Intermittent,Intermittent_0,active,15,15,0,2022-12-17,,,0.0,29.607020208,,0.022844923,,,,N/A,N/A,False,,False
0000000000,ABBT0121496,LevelController,LevelController_0,expired,86,86,2,2021-03-28,2022-03-28,2022-03-28,0.0,38.433261024000004,,0.005172435,0.009339119333333333,OGI,2022-01-03,N/A,N/A,True,expired,False
0000000001,ABBT0121496,LevelController,LevelController_0,expired,293,293,2,2021-10-21,2022-10-21,2022-10-21,0.0,578.3237947296001,,0.022844923,0.009339119333333333,OGI,2022-01-03,N/A,N/A,True,expired,False
0000000002,ABBT0121496,LevelController,LevelController_0,expired,326,326,2,2021-11-23,2022-11-23,2022-11-23,0.0,218.5333238592,,0.007758653,0.009339119333333333,OGI,2022-01-03,N/A,N/A,True,expired,False
0000000000,ABBT0121496,Positioner,Positioner_0,active,354,354,0,2022-01-12,,,0.0,3164.0408645760003,,0.10344871,,,,N/A,N/A,False,,False
0000000001,ABBT0121496,Positioner,Positioner_0,active,197,197,0,2022-06-18,,,0.0,88.038981648,,0.005172435,,,,N/A,N/A,False,,False
0000000001,ABBT0121496,PressureController,PressureController_0,active,66,66,0,2022-10-27,,,0.0,545.6629810368,,0.095690057,,,,N/A,N/A,False,,False
0000000000,ABBT0121496,PressureController,PressureController_0,expired,112,112,2,2021-04-23,2022-04-23,2022-04-23,0.0,1001.052476928,,0.10344871,0.10344871,OGI,2022-01-03,N/A,N/A,True,expired,False
0000000001,ABBT0121496,Pump,Pump_0,active,322,322,0,2022-02-13,,,0.0,71.9506537344,,0.002586218,,,,N/A,N/A,False,,False
0000000002,ABBT0121496,Pump,Pump_0,active,227,227,0,2022-05-19,,,0.0,448.0529058144,,0.022844923,,,,N/A,N/A,False,,False
0000000003,ABBT0121496,Pump,Pump_0,active,218,218,0,2022-05-28,,,0.0,48.7119332736,,0.002586218,,,,N/A,N/A,False,,False
0000000000,ABBT0121496,Pump,Pump_0,expired,241,241,0,2021-08-30,2022-08-30,2022-08-30,0.0,475.6861246752,,0.022844923,,,,N/A,N/A,False,expired,False
0000000001,ABBT0121496,Transducer,Transducer_0,active,274,274,0,2022-04-02,,,0.0,540.8215691328,,0.022844923,,,,N/A,N/A,False,,False
0000000002,ABBT0121496,Transducer,Transducer_0,active,63,63,0,2022-10-30,,,0.0,124.3494848736,,0.022844923,,,,N/A,N/A,False,,False
0000000000,ABBT0121496,Transducer,Transducer_0,expired,214,214,2,2021-08-03,2022-08-03,2022-08-03,0.0,143.4543905088,,0.007758653,0.007758653,OGI,2022-01-03,N/A,N/A,True,expired,False
0000000000,ABBT0060963,CatalyticHeater,Connector_0,repaired,168,168,0,2021-06-18,2022-06-18,2022-06-18,0.0,450.4736146176,,0.031034613,,,,True,natural,N/A,N/A,True
0000000000,ABBT0060963,CatalyticHeater,Valve_0,repaired,272,272,0,2021-09-30,2022-09-30,2022-09-30,0.0,60.7781919744,,0.002586218,,,,True,natural,N/A,N/A,True
0000000000,ABBT0060963,CatalyticHeater,CatadyneHeater_0,repaired,232,232,0,2021-08-21,2022-08-21,2022-08-21,0.0,1036.804351104,,0.051724355,,,,True,natural,N/A,N/A,True
0000000000,ABBT0060963,FlareKnockOutDrum,Connector_28,repaired,12,12,0,2021-01-13,2022-01-13,2022-01-13,0.0,2.6813908224,,0.002586218,,,,True,natural,N/A,N/A,True
0000000000,ABBT0060963,FlareKnockOutDrum,Valve_5,active,118,118,0,2022-09-05,,2023-09-05,0.0,184.5690478848,,0.018103524,,,,False,,N/A,N/A,True
0000000000,ABBT0060963,GasPipelineHeader,Connector_1,repaired,27,27,0,2021-01-28,2022-01-28,2022-01-28,0.0,72.39754520640001,,0.031034613,,,,True,natural,N/A,N/A,True
0000000000,ABBT0060963,GasPipelineHeader,Connector_5,active,223,223,0,2022-05-23,,2023-05-23,0.0,597.9500955936,,0.031034613,,,,False,,N/A,N/A,True
0000000000,ABBT0060963,GasPipelineHeader,Connector_12,active,199,199,0,2022-06-16,,2023-06-16,0.0,533.5967220768,,0.031034613,,,,False,,N/A,N/A,True
0000000000,ABBT0060963,GasPipelineHeader,Connector_42,active,316,316,0,2022-02-19,,2023-02-19,0.0,141.21988934400002,,0.005172435,,,,False,,N/A,N/A,True
0000000000,ABBT0060963,GasPipelineHeader,Valve_1,active,219,219,0,2022-05-27,,2023-05-27,0.0,587.2245333408,,0.031034613,,,,False,,N/A,N/A,True
0000000000,ABBT0060963,GasPipelineHeader,Valve_4,repaired,18,18,2,2021-07-30,2022-01-19,2022-07-30,514.8269881344,48.26503013760001,,0.031034613,0.031034613,OGI,2022-01-03,True,OGI,N/A,N/A,True
0000000000,ABBT0060963,PigTrap(GasService),Connector_6,repaired,18,18,2,2021-06-18,2022-01-19,2022-06-18,402.20858448,48.26503013760001,,0.031034613,0.031034613,OGI,2022-01-03,True,OGI,N/A,N/A,True
0000000000,ABBT0060963,PigTrap(GasService),Connector_9,active,218,218,0,2022-05-28,,2023-05-28,0.0,974.2385712960001,,0.051724355,,,,False,,N/A,N/A,True
0000000000,ABBT0060963,PigTrap(GasService),Connector_11,repaired,58,58,0,2021-02-28,2022-02-28,2022-02-28,0.0,155.5206526656,,0.031034613,,,,True,natural,N/A,N/A,True
0000000000,ABBT0060963,PigTrap(GasService),Connector_21,repaired,251,251,0,2021-09-09,2022-09-09,2022-09-09,0.0,673.0290313632,,0.031034613,,,,True,natural,N/A,N/A,True
0000000000,ABBT0060963,PigTrap(GasService),Valve_6,repaired,18,18,2,2021-08-24,2022-01-19,2022-08-24,339.4193507712,28.154600524800003,,0.018103524,0.018103524,OGI,2022-01-03,True,OGI,N/A,N/A,True
0000000000,ABBT0060963,ProductionTank(fixedroof-heavyoil),Connector_6,repaired,18,18,2,2021-12-05,2022-01-19,2022-12-05,1430.07496704,80.441716896,,0.051724355,0.051724355,OGI,2022-01-03,True,OGI,N/A,N/A,True
0000000000,ABBT0060963,ProductionTank(fixedroof-heavyoil),Connector_27,active,239,239,0,2022-05-07,,2023-05-07,0.0,640.8523446048,,0.031034613,,,,False,,N/A,N/A,True
0000000000,ABBT0060963,ProductionTank(fixedroof-heavyoil),Connector_34,active,88,88,0,2022-10-05,,2023-10-05,0.0,235.9623695616,,0.031034613,,,,False,,N/A,N/A,True
0000000000,ABBT0060963,ProductionTank(fixedroof-heavyoil),Valve_8,repaired,18,18,2,2021-11-05,2022-01-19,2022-11-05,1749.607336224,108.59631742079999,,0.069827879,0.069827879,OGI,2022-01-03,True,OGI,N/A,N/A,True
0000000000,ABBT0060963,ProductionTank(fixedroof-heavyoil),Valve_13,active,3,3,0,2022-12-29,,2023-12-29,0.0,0.6703477056,,0.002586218,,,,False,,N/A,N/A,True
0000000000,ABBT0060963,ReciprocatingCompressor,Connector_88,repaired,332,332,0,2021-11-29,2022-11-29,2022-11-29,0.0,890.2216669824,,0.031034613,,,,True,natural,N/A,N/A,True
0000000000,ABBT0060963,ReciprocatingCompressor,Connector_171,repaired,352,352,0,2021-12-19,2022-12-19,2022-12-19,0.0,2910.2025655295997,,0.095690057,,,,True,natural,N/A,N/A,True
0000000000,ABBT0060963,ReciprocatingCompressor,Connector_257,active,30,30,0,2022-12-02,,2023-12-02,0.0,134.06952816,,0.051724355,,,,False,,N/A,N/A,True
0000000000,ABBT0060963,ReciprocatingCompressor,Valve_12,active,336,336,0,2022-01-30,,2023-01-30,0.0,900.9472292352,,0.031034613,,,,False,,N/A,N/A,True
0000000000,ABBT0060963,Separator,Connector_5,active,118,118,0,2022-09-05,,2023-09-05,0.0,26.3670097536,,0.002586218,,,,False,,N/A,N/A,True
0000000000,ABBT0060963,Separator,Connector_10,repaired,18,18,2,2021-08-01,2022-01-19,2022-08-01,866.982948768,80.441716896,,0.051724355,0.051724355,OGI,2022-01-03,True,OGI,N/A,N/A,True
0000000000,ABBT0060963,Separator,Connector_19,active,303,303,0,2022-03-04,,2023-03-04,0.0,1354.102234416,,0.051724355,,,,False,,N/A,N/A,True
0000000000,ABBT0060963,Separator,Connector_37,repaired,149,149,0,2021-05-30,2022-05-30,2022-05-30,0.0,1231.8755177952,,0.095690057,,,,True,natural,N/A,N/A,True
0000000000,ABBT0060963,Separator,Connector_70,repaired,356,356,0,2021-12-23,2022-12-23,2022-12-23,0.0,954.5750404992001,,0.031034613,,,,True,natural,N/A,N/A,True
0000000000,ABBT0060963,Separator,Connector_79,active,128,128,0,2022-08-26,,2023-08-26,0.0,28.6015021056,,0.002586218,,,,False,,N/A,N/A,True
0000000000,ABBT0060963,Separator,Regulator_2,repaired,18,18,2,2021-05-24,2022-01-19,2022-05-24,335.1738204,48.26503013760001,,0.031034613,0.031034613,OGI,2022-01-03,True,OGI,N/A,N/A,True
0000000000,ABBT0060963,TankHeater,Connector_15,repaired,18,18,2,2021-09-20,2022-01-19,2022-09-20,54.5216133888,4.0220862336000005,,0.002586218,0.002586218,OGI,2022-01-03,True,OGI,N/A,N/A,True
0000000000,ABBT0060963,TankHeater,Connector_31,repaired,240,240,0,2021-08-29,2022-08-29,2022-08-29,0.0,643.533735168,,0.031034613,,,,True,natural,N/A,N/A,True
0000000000,ABBT0060963,TankHeater,Connector_35,repaired,337,337,0,2021-12-04,2022-12-04,2022-12-04,0.0,903.6286197984,,0.031034613,,,,True,natural,N/A,N/A,True
0000000002,ABBT0060963,Intermittent,Intermittent_0,active,30,30,0,2022-12-02,,,0.0,59.214040416,,0.022844923,,,,N/A,N/A,False,,False
0000000000,ABBT0060963,Intermittent,Intermittent_0,expired,258,258,2,2021-09-16,2022-09-16,2022-09-16,0.0,2305.9958843520003,,0.10344871,0.0631468165,OGI,2022-01-03,N/A,N/A,True,expired,False
0000000001,ABBT0060963,Intermittent,Intermittent_0,expired,311,311,2,2021-11-08,2022-11-08,2022-11-08,0.0,613.8522189792,,0.022844923,0.0631468165,OGI,2022-01-03,N/A,N/A,True,expired,False
0000000003,ABBT0060963,LevelController,LevelController_0,active,305,305,0,2022-03-02,,,0.0,2726.08040592,,0.10344871,,,,N/A,N/A,False,,False
0000000004,ABBT0060963,LevelController,LevelController_0,active,238,238,0,2022-05-08,,,0.0,106.36181539200001,,0.005172435,,,,N/A,N/A,False,,False
0000000005,ABBT0060963,LevelController,LevelController_0,active,182,182,0,2022-07-03,,,0.0,359.2318451904,,0.022844923,,,,N/A,N/A,False,,False
0000000006,ABBT0060963,LevelController,LevelController_0,active,166,166,0,2022-07-19,,,0.0,327.65102363520003,,0.022844923,,,,N/A,N/A,False,,False
0000000000,ABBT0060963,LevelController,LevelController_0,expired,83,83,2,2021-03-25,2022-03-25,2022-03-25,0.0,163.82551181760002,,0.022844923,0.047126634333333334,OGI,2022-01-03,N/A,N/A,True,expired,False
0000000001,ABBT0060963,LevelController,LevelController_0,expired,104,104,2,2021-04-15,2022-04-15,2022-04-15,0.0,859.8325761792,,0.095690057,0.047126634333333334,OGI,2022-01-03,N/A,N/A,True,expired,False
0000000002,ABBT0060963,LevelController,LevelController_0,expired,294,294,2,2021-10-22,2022-10-22,2022-10-22,0.0,580.2975960768,,0.022844923,0.047126634333333334,OGI,2022-01-03,N/A,N/A,True,expired,False
0000000001,ABBT0060963,Positioner,Positioner_0,active,52,52,0,2022-11-10,,,0.0,102.6376700544,,0.022844923,,,,N/A,N/A,False,,False
0000000000,ABBT0060963,Positioner,Positioner_0,expired,191,191,0,2021-07-11,2022-07-11,2022-07-11,0.0,42.6788039232,,0.002586218,,,,N/A,N/A,False,expired,False
0000000003,ABBT0060963,PressureController,PressureController_0,active,198,198,0,2022-06-17,,,0.0,1769.717771712,,0.10344871,,,,N/A,N/A,False,,False
0000000004,ABBT0060963,PressureController,PressureController_0,active,49,49,0,2022-11-13,,,0.0,96.7162660128,,0.022844923,,,,N/A,N/A,False,,False
0000000000,ABBT0060963,PressureController,PressureController_0,expired,71,71,2,2021-03-13,2022-03-13,2022-03-13,0.0,15.864895699200002,,0.002586218,0.04295995033333333,OGI,2022-01-03,N/A,N/A,True,expired,False
0000000001,ABBT0060963,PressureController,PressureController_0,expired,139,139,2,2021-05-20,2022-05-20,2022-05-20,0.0,1242.3776276160002,,0.10344871,0.04295995033333333,OGI,2022-01-03,N/A,N/A,True,expired,False
0000000002,ABBT0060963,PressureController,PressureController_0,expired,223,223,2,2021-08-12,2022-08-12,2022-08-12,0.0,440.15770042560007,,0.022844923,0.04295995033333333,OGI,2022-01-03,N/A,N/A,True,expired,False
0000000005,ABBT0060963,Pump,Pump_0,active,280,280,0,2022-03-27,,,0.0,187.697333376,,0.007758653,,,,N/A,N/A,False,,False
0000000006,ABBT0060963,Pump,Pump_0,active,243,243,0,2022-05-03,,,0.0,479.6337273696,,0.022844923,,,,N/A,N/A,False,,False
0000000007,ABBT0060963,Pump,Pump_0,active,59,59,0,2022-11-03,,,0.0,26.367004656000006,,0.005172435,,,,N/A,N/A,False,,False
0000000000,ABBT0060963,Pump,Pump_0,expired,2,2,0,2021-01-03,2022-01-03,2022-01-03,0.0,16.535241849600002,,0.095690057,,,,N/A,N/A,False,expired,False
0000000001,ABBT0060963,Pump,Pump_0,expired,78,78,2,2021-03-20,2022-03-20,2022-03-20,0.0,52.287114297600006,,0.007758653,0.03545273475,OGI,2022-01-03,N/A,N/A,True,expired,False
0000000002,ABBT0060963,Pump,Pump_0,expired,95,95,2,2021-04-06,2022-04-06,2022-04-06,0.0,63.683023824,,0.007758653,0.03545273475,OGI,2022-01-03,N/A,N/A,True,expired,False
0000000003,ABBT0060963,Pump,Pump_0,expired,252,252,2,2021-09-10,2022-09-10,2022-09-10,0.0,2252.368073088,,0.10344871,0.03545273475,OGI,2022-01-03,N/A,N/A,True,expired,False
0000000004,ABBT0060963,Pump,Pump_0,expired,300,300,2,2021-10-28,2022-10-28,2022-10-28,0.0,592.14040416,,0.022844923,0.03545273475,OGI,2022-01-03,N/A,N/A,True,expired,False
0000000002,ABBT0060963,Transducer,Transducer_0,active,347,347,0,2022-01-19,,,0.0,684.9090674784001,,0.022844923,,,,N/A,N/A,False,,False
0000000003,ABBT0060963,Transducer,Transducer_0,active,173,173,0,2022-07-12,,,0.0,77.31342043200002,,0.005172435,,,,N/A,N/A,False,,False
0000000000,ABBT0060963,Transducer,Transducer_0,expired,271,271,2,2021-09-29,2022-09-29,2022-09-29,0.0,2240.5252706208,,0.095690057,0.05926749,OGI,2022-01-03,N/A,N/A,True,expired,False
0000000001,ABBT0060963,Transducer,Transducer_0,expired,349,349,2,2021-12-16,2022-12-16,2022-12-16,0.0,688.8566701728,,0.022844923,0.05926749,OGI,2022-01-03,N/A,N/A,True,expired,False
0000000002,ABBT0154281,CatalyticHeater,Valve_0,active,182,182,0,2022-07-03,,2023-07-03,0.0,1098.0294316992,,0.069827879,,,,False,,N/A,N/A,True
0000000000,ABBT0154281,CatalyticHeater,Valve_0,repaired,56,56,0,2021-02-26,2022-02-26,2022-02-26,0.0,150.15787153920002,,0.031034613,,,,True,natural,N/A,N/A,True
0000000001,ABBT0154281,CatalyticHeater,Valve_0,repaired,283,283,0,2021-10-11,2022-10-11,2022-10-11,0.0,758.8335293856,,0.031034613,,,,True,natural,N/A,N/A,True
0000000000,ABBT0154281,CatalyticHeater,CatadyneHeater_0,active,220,220,0,2022-05-26,,2023-05-26,0.0,1327.288324032,,0.069827879,,,,False,,N/A,N/A,True
0000000001,ABBT0154281,CatalyticHeater,CatadyneHeater_0,active,190,190,0,2022-06-25,,2023-06-25,0.0,509.46420700799996,,0.031034613,,,,False,,N/A,N/A,True
0000000000,ABBT0154281,FlareKnockOutDrum,Connector_0,active,233,233,0,2022-05-13,,2023-05-13,0.0,624.7640012256,,0.031034613,,,,False,,N/A,N/A,True
0000000000,ABBT0154281,FlareKnockOutDrum,Connector_1,active,82,82,0,2022-10-11,,2023-10-11,0.0,219.8740261824,,0.031034613,,,,False,,N/A,N/A,True
0000000000,ABBT0154281,FlareKnockOutDrum,Connector_23,active,56,56,0,2022-11-06,,2023-11-06,0.0,150.15787153920002,,0.031034613,,,,False,,N/A,N/A,True
0000000000,ABBT0154281,FlareKnockOutDrum,Connector_32,active,162,162,0,2022-07-23,,2023-07-23,0.0,434.38527123840004,,0.031034613,,,,False,,N/A,N/A,True
0000000000,ABBT0154281,FlareKnockOutDrum,Connector_34,active,245,245,0,2022-05-01,,2023-05-01,0.0,54.745062624000006,,0.002586218,,,,False,,N/A,N/A,True
0000000000,ABBT0154281,FlareKnockOutDrum,Valve_1,active,10,10,0,2022-12-22,,2023-12-22,0.0,26.813905632,,0.031034613,,,,False,,N/A,N/A,True
0000000000,ABBT0154281,GasBoot,Connector_0,active,144,144,0,2022-08-10,,2023-08-10,0.0,32.176689868800004,,0.002586218,,,,False,,N/A,N/A,True
0000000000,ABBT0154281,GasBoot,Connector_15,repaired,19,19,3,2021-04-10,2022-01-20,2022-04-10,214.511245056,50.946420700800005,,0.031034613,0.0245690685,OGI,2022-01-04,True,OGI,N/A,N/A,True
0000000001,ABBT0154281,GasBoot,Connector_15,repaired,19,19,3,2021-11-07,2022-01-20,2022-11-07,455.1660418176,29.718744998400002,,0.018103524,0.0245690685,OGI,2022-01-04,True,OGI,N/A,N/A,True
0000000000,ABBT0154281,GasBoot,Valve_0,repaired,75,75,0,2021-03-17,2022-03-17,2022-03-17,0.0,201.10429224,,0.031034613,,,,True,natural,N/A,N/A,True
0000000000,ABBT0154281,GasBoot,Valve_1,active,145,145,0,2022-08-09,,2023-08-09,0.0,388.80163166400007,,0.031034613,,,,False,,N/A,N/A,True
0000000000,ABBT0154281,GasPipelineHeader,Connector_27,repaired,311,311,0,2021-11-08,2022-11-08,2022-11-08,0.0,833.9124651552,,0.031034613,,,,True,natural,N/A,N/A,True
0000000000,ABBT0154281,Incinerator,Connector_40,repaired,2,2,0,2021-01-03,2022-01-03,2022-01-03,0.0,5.3627811264,,0.031034613,,,,True,natural,N/A,N/A,True
0000000000,ABBT0154281,Incinerator,Regulator_0,active,78,78,0,2022-10-15,,2023-10-15,0.0,209.14846392959998,,0.031034613,,,,False,,N/A,N/A,True
0000000000,ABBT0154281,LineHeater,Connector_10,active,212,212,0,2022-06-03,,2023-06-03,0.0,47.37123786240001,,0.002586218,,,,False,,N/A,N/A,True
0000000000,ABBT0154281,LineHeater,Connector_14,repaired,190,190,0,2021-07-10,2022-07-10,2022-07-10,0.0,42.45535468800001,,0.002586218,,,,True,natural,N/A,N/A,True
0000000000,ABBT0154281,LineHeater,Connector_25,active,34,34,0,2022-11-28,,2023-11-28,0.0,91.1672791488,,0.031034613,,,,False,,N/A,N/A,True
0000000000,ABBT0154281,LineHeater,Connector_49,active,157,157,0,2022-07-28,,2023-07-28,0.0,1298.0164851936,,0.095690057,,,,False,,N/A,N/A,True
0000000000,ABBT0154281,LineHeater,Connector_51,active,75,75,0,2022-10-18,,2023-10-18,0.0,201.10429224,,0.031034613,,,,False,,N/A,N/A,True
0000000000,ABBT0154281,LineHeater,Valve_4,active,194,194,0,2022-06-21,,2023-06-21,0.0,866.982948768,,0.051724355,,,,False,,N/A,N/A,True
0000000000,ABBT0154281,LiquidPipelineHeader,Connector_16,repaired,80,80,0,2021-03-22,2022-03-22,2022-03-22,0.0,214.511245056,,0.031034613,,,,True,natural,N/A,N/A,True
0000000000,ABBT0154281,LiquidPipelineHeader,Connector_58,repaired,39,39,0,2021-02-09,2022-02-09,2022-02-09,0.0,61.001634470400006,,0.018103524,,,,True,natural,N/A,N/A,True
0000000000,ABBT0154281,LiquidPipelineHeader,Connector_78,active,240,240,0,2022-05-06,,2023-05-06,0.0,643.533735168,,0.031034613,,,,False,,N/A,N/A,True
0000000000,ABBT0154281,LiquidPipelineHeader,Connector_91,active,337,337,0,2022-01-29,,2023-01-29,0.0,75.3023922624,,0.002586218,,,,False,,N/A,N/A,True
0000000000,ABBT0154281,LiquidPipelineHeader,Connector_99,repaired,19,19,3,2021-06-18,2022-01-20,2022-06-18,898.9361830944,114.6294461664,,0.069827879,0.069827879,OGI,2022-01-04,True,OGI,N/A,N/A,True
0000000000,ABBT0154281,PigTrap(GasService),Connector_11,active,260,260,0,2022-04-16,,2023-04-16,0.0,2149.5814404479997,,0.095690057,,,,False,,N/A,N/A,True
0000000000,ABBT0154281,PigTrap(GasService),Connector_17,active,168,168,0,2022-07-17,,2023-07-17,0.0,450.4736146176,,0.031034613,,,,False,,N/A,N/A,True
0000000001,ABBT0154281,PopTank,Connector_0,active,314,314,0,2022-02-21,,2023-02-21,0.0,1894.4024261184,,0.069827879,,,,False,,N/A,N/A,True
0000000002,ABBT0154281,PopTank,Connector_0,active,2,2,0,2022-12-30,,2023-12-30,0.0,3.1282889472,,0.018103524,,,,False,,N/A,N/A,True
0000000000,ABBT0154281,PopTank,Connector_0,repaired,19,19,3,2021-07-19,2022-01-20,2022-07-19,804.41716896,84.910701168,,0.051724355,0.051724355,OGI,2022-01-04,True,OGI,N/A,N/A,True
0000000001,ABBT0154281,PopTank,Connector_2,active,185,185,0,2022-06-30,,2023-06-30,0.0,496.057254192,,0.031034613,,,,False,,N/A,N/A,True
0000000000,ABBT0154281,PopTank,Connector_2,repaired,274,274,0,2021-10-02,2022-10-02,2022-10-02,0.0,2265.3281333952,,0.095690057,,,,True,natural,N/A,N/A,True
0000000000,ABBT0154281,PopTank,Connector_3,active,356,356,0,2022-01-10,,2023-01-10,0.0,1590.958400832,,0.051724355,,,,False,,N/A,N/A,True
0000000000,ABBT0154281,PopTank,Valve_0,repaired,134,134,0,2021-05-15,2022-05-15,2022-05-15,0.0,359.3063354688,,0.031034613,,,,True,natural,N/A,N/A,True
0000000000,ABBT0154281,ProductionTank(fixedroof-heavyoil),Connector_2,repaired,36,36,0,2021-02-06,2022-02-06,2022-02-06,0.0,96.53006027520001,,0.031034613,,,,True,natural,N/A,N/A,True
0000000000,ABBT0154281,ProductionTank(fixedroof-heavyoil),Connector_4,active,203,203,0,2022-06-12,,2023-06-12,0.0,544.3222843296,,0.031034613,,,,False,,N/A,N/A,True
0000000000,ABBT0154281,ProductionTank(fixedroof-heavyoil),Connector_8,repaired,200,200,0,2021-07-20,2022-07-20,2022-07-20,0.0,89.37967680000001,,0.005172435,,,,True,natural,N/A,N/A,True
0000000000,ABBT0154281,ProductionTank(fixedroof-heavyoil),Connector_25,active,111,111,0,2022-09-12,,2023-09-12,0.0,24.802865107200002,,0.002586218,,,,False,,N/A,N/A,True
0000000000,ABBT0154281,ScrewCompressor,Connector_102,repaired,13,13,0,2021-01-14,2022-01-14,2022-01-14,0.0,20.3338781568,,0.018103524,,,,True,natural,N/A,N/A,True
0000000000,ABBT0154281,ScrewCompressor,Connector_105,repaired,130,130,0,2021-05-11,2022-05-11,2022-05-11,0.0,29.048400576000002,,0.002586218,,,,True,natural,N/A,N/A,True
0000000000,ABBT0154281,Separator,Connector_5,active,310,310,0,2022-02-25,,2023-02-25,0.0,831.2310745919999,,0.031034613,,,,False,,N/A,N/A,True
0000000000,ABBT0154281,Separator,Connector_23,repaired,233,233,0,2021-08-22,2022-08-22,2022-08-22,0.0,52.0636718016,,0.002586218,,,,True,natural,N/A,N/A,True
0000000000,ABBT0154281,Separator,Connector_25,repaired,109,109,0,2021-04-20,2022-04-20,2022-04-20,0.0,292.2715713888,,0.031034613,,,,True,natural,N/A,N/A,True
0000000000,ABBT0154281,Separator,Connector_35,repaired,19,19,3,2021-05-03,2022-01-20,2022-05-03,276.18322800960004,50.946420700800005,,0.031034613,0.031034613,OGI,2022-01-04,True,OGI,N/A,N/A,True
0000000000,ABBT0154281,Separator,Connector_44,active,146,146,0,2022-08-08,,2023-08-08,0.0,652.471703712,,0.051724355,,,,False,,N/A,N/A,True
0000000000,ABBT0154281,Separator,Connector_45,active,217,217,0,2022-05-29,,2023-05-29,0.0,48.4884840384,,0.002586218,,,,False,,N/A,N/A,True
0000000000,ABBT0154281,Separator,Connector_69,active,256,256,0,2022-04-20,,2023-04-20,0.0,57.2030042112,,0.002586218,,,,False,,N/A,N/A,True
0000000000,ABBT0154281,Separator,Connector_81,repaired,19,19,3,2021-12-08,2022-01-20,2022-12-08,143.901279648,8.491069296000001,,0.005172435,0.005172435,OGI,2022-01-04,True,OGI,N/A,N/A,True
0000000000,ABBT0154281,Separator,Regulator_0,repaired,222,222,0,2021-08-11,2022-08-11,2022-08-11,0.0,595.2687050304,,0.031034613,,,,True,natural,N/A,N/A,True
0000000000,ABBT0154281,Separator,Valve_9,repaired,70,70,0,2021-03-12,2022-03-12,2022-03-12,0.0,15.641446464000001,,0.002586218,,,,True,natural,N/A,N/A,True
0000000002,ABBT0154281,Intermittent,Intermittent_0,active,358,358,0,2022-01-08,,,0.0,159.98962147200004,,0.005172435,,,,N/A,N/A,False,,False
0000000003,ABBT0154281,Intermittent,Intermittent_0,active,181,181,0,2022-07-04,,,0.0,1617.7723064640002,,0.10344871,,,,N/A,N/A,False,,False
0000000000,ABBT0154281,Intermittent,Intermittent_0,expired,84,84,0,2021-03-26,2022-03-26,2022-03-26,0.0,56.309200012800005,,0.007758653,,,,N/A,N/A,False,expired,False
0000000001,ABBT0154281,Intermittent,Intermittent_0,expired,265,265,0,2021-09-23,2022-09-23,2022-09-23,0.0,118.42807176000002,,0.005172435,,,,N/A,N/A,False,expired,False
0000000001,ABBT0154281,LevelController,LevelController_0,active,301,301,0,2022-03-06,,,0.0,134.51641358400002,,0.005172435,,,,N/A,N/A,False,,False
0000000000,ABBT0154281,LevelController,LevelController_0,expired,245,245,0,2021-09-03,2022-09-03,2022-09-03,0.0,164.235166704,,0.007758653,,,,N/A,N/A,False,expired,False
0000000004,ABBT0154281,PressureController,PressureController_0,active,328,328,0,2022-02-07,,,0.0,647.4068418816,,0.022844923,,,,N/A,N/A,False,,False
0000000005,ABBT0154281,PressureController,PressureController_0,active,122,122,0,2022-09-01,,,0.0,1008.6497528256,,0.095690057,,,,N/A,N/A,False,,False
0000000006,ABBT0154281,PressureController,PressureController_0,active,66,66,0,2022-10-27,,,0.0,44.2429428672,,0.007758653,,,,N/A,N/A,False,,False
0000000007,ABBT0154281,PressureController,PressureController_0,active,4,4,0,2022-12-28,,,0.0,33.070483699200004,,0.095690057,,,,N/A,N/A,False,,False
0000000000,ABBT0154281,PressureController,PressureController_0,expired,35,35,3,2021-02-05,2022-02-05,2022-02-05,0.0,289.366732368,,0.095690057,0.0366380845,OGI,2022-01-04,N/A,N/A,True,expired,False
0000000001,ABBT0154281,PressureController,PressureController_0,expired,43,43,3,2021-02-13,2022-02-13,2022-02-13,0.0,84.87345792960001,,0.022844923,0.0366380845,OGI,2022-01-04,N/A,N/A,True,expired,False
0000000002,ABBT0154281,PressureController,PressureController_0,expired,61,61,3,2021-03-03,2022-03-03,2022-03-03,0.0,27.260801424000007,,0.005172435,0.0366380845,OGI,2022-01-04,N/A,N/A,True,expired,False
0000000003,ABBT0154281,PressureController,PressureController_0,expired,112,112,3,2021-04-23,2022-04-23,2022-04-23,0.0,221.06575088640002,,0.022844923,0.0366380845,OGI,2022-01-04,N/A,N/A,True,expired,False
0000000001,ABBT0154281,Pump,Pump_0,active,191,191,0,2022-06-24,,,0.0,85.35759134400001,,0.005172435,,,,N/A,N/A,False,,False
0000000002,ABBT0154281,Pump,Pump_0,active,161,161,0,2022-07-24,,,0.0,71.950639824,,0.005172435,,,,N/A,N/A,False,,False
0000000003,ABBT0154281,Pump,Pump_0,active,83,83,0,2022-10-10,,,0.0,686.2125367584,,0.095690057,,,,N/A,N/A,False,,False
0000000004,ABBT0154281,Pump,Pump_0,active,55,55,0,2022-11-07,,,0.0,12.289707936,,0.002586218,,,,N/A,N/A,False,,False
0000000000,ABBT0154281,Pump,Pump_0,expired,135,135,3,2021-05-16,2022-05-16,2022-05-16,0.0,266.463181872,,0.022844923,0.022844923,OGI,2022-01-04,N/A,N/A,True,expired,False
0000000000,ABBT0154281,Transducer,Transducer_0,active,187,187,0,2022-06-28,,,0.0,1671.4001177280002,,0.10344871,,,,N/A,N/A,False,,False
0000000001,ABBT0154281,Transducer,Transducer_0,active,132,132,0,2022-08-22,,,0.0,29.495299046400003,,0.002586218,,,,N/A,N/A,False,,False
0000000002,ABBT0154281,Transducer,Transducer_0,active,54,54,0,2022-11-08,,,0.0,446.4515299392,,0.095690057,,,,N/A,N/A,False,,False
0000000000,ABBT0152008,CatalyticHeater,Connector_0,repaired,54,54,0,2021-02-24,2022-02-24,2022-02-24,0.0,12.066258700799999,,0.002586218,,,,True,natural,N/A,N/A,True
0000000000,ABBT0152008,CatalyticHeater,Regulator_0,repaired,82,82,0,2021-03-24,2022-03-24,2022-03-24,0.0,219.8740261824,,0.031034613,,,,True,natural,N/A,N/A,True
0000000001,ABBT0152008,CatalyticHeater,Regulator_0,repaired,217,217,0,2021-08-06,2022-08-06,2022-08-06,0.0,581.8617522144,,0.031034613,,,,True,natural,N/A,N/A,True
0000000001,ABBT0152008,CatalyticHeater,CatadyneHeater_0,active,276,276,0,2022-03-31,,2023-03-31,0.0,740.0637954432,,0.031034613,,,,False,,N/A,N/A,True
0000000000,ABBT0152008,CatalyticHeater,CatadyneHeater_0,repaired,19,19,3,2021-06-09,2022-01-20,2022-06-09,375.394678848,50.946420700800005,,0.031034613,0.031034613,OGI,2022-01-04,True,OGI,N/A,N/A,True
0000000000,ABBT0152008,FlareKnockOutDrum,Connector_12,active,193,193,0,2022-06-22,,2023-06-22,0.0,1595.6508384863998,,0.095690057,,,,False,,N/A,N/A,True
0000000000,ABBT0152008,FlareKnockOutDrum,Connector_22,active,70,70,0,2022-10-23,,2023-10-23,0.0,15.641446464000001,,0.002586218,,,,False,,N/A,N/A,True
0000000000,ABBT0152008,FlareKnockOutDrum,Connector_27,repaired,19,19,3,2021-12-10,2022-01-20,2022-12-10,2678.7091796352,157.0847975712,,0.095690057,0.095690057,OGI,2022-01-04,True,OGI,N/A,N/A,True
0000000000,ABBT0152008,GasPipelineHeader,Connector_24,active,155,155,0,2022-07-30,,2023-07-30,0.0,935.134955568,,0.069827879,,,,False,,N/A,N/A,True
0000000000,ABBT0152008,GasPipelineHeader,Valve_0,active,107,107,0,2022-09-16,,2023-09-16,0.0,23.9090681664,,0.002586218,,,,False,,N/A,N/A,True
0000000000,ABBT0152008,GasPipelineHeader,Valve_5,repaired,19,19,3,2021-01-09,2022-01-20,2022-01-09,0.0,157.0847975712,,0.095690057,0.095690057,OGI,2022-01-04,True,OGI,N/A,N/A,True
0000000000,ABBT0152008,GasPipelineHeader,Valve_6,active,182,182,0,2022-07-03,,2023-07-03,0.0,284.6742941952,,0.018103524,,,,False,,N/A,N/A,True
0000000000,ABBT0152008,GasPipelineHeader,Valve_7,repaired,19,19,3,2021-01-06,2022-01-20,2022-01-06,0.0,157.0847975712,,0.095690057,0.095690057,OGI,2022-01-04,True,OGI,N/A,N/A,True
0000000000,ABBT0152008,PigTrap(GasService),Connector_3,active,20,20,0,2022-12-12,,2023-12-12,0.0,31.282889472,,0.018103524,,,,False,,N/A,N/A,True
0000000000,ABBT0152008,PigTrap(GasService),Connector_6,repaired,19,19,3,2021-04-10,2022-01-20,2022-04-10,661.409673984,157.0847975712,,0.095690057,0.095690057,OGI,2022-01-04,True,OGI,N/A,N/A,True
0000000000,ABBT0152008,PigTrap(GasService),Connector_12,active,74,74,0,2022-10-19,,2023-10-19,0.0,198.4229016768,,0.031034613,,,,False,,N/A,N/A,True
0000000001,ABBT0152008,PigTrap(GasService),Connector_12,active,9,9,0,2022-12-23,,2023-12-23,0.0,74.40858832320001,,0.095690057,,,,False,,N/A,N/A,True
0000000000,ABBT0152008,PigTrap(GasService),Connector_15,active,15,15,0,2022-12-17,,2023-12-17,0.0,40.220858448,,0.031034613,,,,False,,N/A,N/A,True
0000000000,ABBT0152008,PigTrap(GasService),Connector_16,active,10,10,0,2022-12-22,,2023-12-22,0.0,4.468983840000001,,0.005172435,,,,False,,N/A,N/A,True
0000000000,ABBT0152008,PigTrap(GasService),Connector_18,active,9,9,0,2022-12-23,,2023-12-23,0.0,54.298158710399996,,0.069827879,,,,False,,N/A,N/A,True
0000000000,ABBT0152008,PigTrap(GasService),Valve_3,repaired,174,174,0,2021-06-24,2022-06-24,2022-06-24,0.0,38.8801669248,,0.002586218,,,,True,natural,N/A,N/A,True
0000000000,ABBT0152008,PopTank,Connector_1,active,251,251,0,2022-04-25,,2023-04-25,0.0,56.0857580352,,0.002586218,,,,False,,N/A,N/A,True
0000000000,ABBT0152008,PopTank,Connector_2,repaired,72,72,0,2021-03-14,2022-03-14,2022-03-14,0.0,595.2687065856001,,0.095690057,,,,True,natural,N/A,N/A,True
0000000000,ABBT0152008,PopTank,OpenEndedLine_0,repaired,91,91,0,2021-04-02,2022-04-02,2022-04-02,0.0,20.333880403200002,,0.002586218,,,,True,natural,N/A,N/A,True
0000000001,ABBT0152008,PopTank,OpenEndedLine_0,repaired,356,356,0,2021-12-23,2022-12-23,2022-12-23,0.0,79.5479277312,,0.002586218,,,,True,natural,N/A,N/A,True
0000000000,ABBT0152008,PopTank,Valve_0,active,101,101,0,2022-09-22,,2023-09-22,0.0,22.5683727552,,0.002586218,,,,False,,N/A,N/A,True
0000000000,ABBT0152008,PopTank,Othertank_0,repaired,175,175,0,2021-06-25,2022-06-25,2022-06-25,0.0,273.72528288,,0.018103524,,,,True,natural,N/A,N/A,True
0000000000,ABBT0152008,ProductionTank(fixedroof-heavyoil),Connector_11,repaired,19,19,3,2021-09-09,2022-01-20,2022-09-09,103.680425088,8.491069296000001,,0.005172435,0.005172435,OGI,2022-01-04,True,OGI,N/A,N/A,True
0000000000,ABBT0152008,ProductionTank(fixedroof-heavyoil),Connector_14,active,193,193,0,2022-06-22,,2023-06-22,0.0,43.1257023936,,0.002586218,,,,False,,N/A,N/A,True
0000000000,ABBT0152008,ProductionTank(fixedroof-heavyoil),Valve_1,repaired,338,338,0,2021-12-05,2022-12-05,2022-12-05,0.0,75.52584149760001,,0.002586218,,,,True,natural,N/A,N/A,True
0000000001,ABBT0152008,ProductionTank(fixedroof-heavyoil),Valve_7,active,14,14,0,2022-12-18,,2023-12-18,0.0,84.46380243840001,,0.069827879,,,,False,,N/A,N/A,True
0000000000,ABBT0152008,ProductionTank(fixedroof-heavyoil),Valve_7,repaired,327,327,0,2021-11-24,2022-11-24,2022-11-24,0.0,876.8147141664,,0.031034613,,,,True,natural,N/A,N/A,True
0000000000,ABBT0152008,ProductionTank(fixedroof-heavyoil),Valve_13,active,304,304,0,2022-03-03,,2023-03-03,0.0,815.1427312128001,,0.031034613,,,,False,,N/A,N/A,True
0000000001,ABBT0152008,ProductionTank(fixedroof-heavyoil),Valve_13,active,172,172,0,2022-07-13,,2023-07-13,0.0,461.19917687040004,,0.031034613,,,,False,,N/A,N/A,True
0000000000,ABBT0152008,ReciprocatingCompressor,comp2_1,expired,108,108,0,2021-04-19,2022-04-19,2022-04-19,0.0,213.1705454976,,0.022844923,,,,N/A,N/A,False,expired,False
0000000000,ABBT0152008,ReciprocatingCompressor,Connector_71,repaired,96,96,0,2021-04-07,2022-04-07,2022-04-07,0.0,21.4511265792,,0.002586218,,,,True,natural,N/A,N/A,True
0000000000,ABBT0152008,ReciprocatingCompressor,Connector_161,repaired,19,19,3,2021-05-10,2022-01-20,2022-05-10,491.58826992,84.910701168,,0.051724355,0.051724355,OGI,2022-01-04,True,OGI,N/A,N/A,True
0000000000,ABBT0152008,ReciprocatingCompressor,Connector_178,active,188,188,0,2022-06-27,,2023-06-27,0.0,504.10142588160005,,0.031034613,,,,False,,N/A,N/A,True
0000000000,ABBT0152008,ReciprocatingCompressor,Connector_293,repaired,4,4,0,2021-01-05,2022-01-05,2022-01-05,0.0,33.070483699200004,,0.095690057,,,,True,natural,N/A,N/A,True
0000000000,ABBT0152008,Separator,Connector_0,active,243,243,0,2022-05-03,,2023-05-03,0.0,651.5779068575999,,0.031034613,,,,False,,N/A,N/A,True
0000000000,ABBT0152008,Separator,Connector_27,active,113,113,0,2022-09-10,,2023-09-10,0.0,302.9971336416,,0.031034613,,,,False,,N/A,N/A,True
0000000000,ABBT0152008,Separator,Connector_43,active,162,162,0,2022-07-23,,2023-07-23,0.0,434.38527123840004,,0.031034613,,,,False,,N/A,N/A,True
0000000000,ABBT0152008,Separator,Valve_9,repaired,19,19,3,2021-06-06,2022-01-20,2022-06-06,1132.6640666976,157.0847975712,,0.095690057,0.095690057,OGI,2022-01-04,True,OGI,N/A,N/A,True
0000000003,ABBT0152008,Intermittent,Intermittent_0,active,347,347,0,2022-01-19,,,0.0,155.073739248,,0.005172435,,,,N/A,N/A,False,,False
0000000004,ABBT0152008,Intermittent,Intermittent_0,active,336,336,0,2022-01-30,,,0.0,663.1972526592,,0.022844923,,,,N/A,N/A,False,,False
0000000005,ABBT0152008,Intermittent,Intermittent_0,active,249,249,0,2022-04-27,,,0.0,111.27769761600001,,0.005172435,,,,N/A,N/A,False,,False
0000000000,ABBT0152008,Intermittent,Intermittent_0,expired,32,32,3,2021-02-02,2022-02-02,2022-02-02,0.0,63.1616431104,,0.022844923,0.049712852,OGI,2022-01-04,N/A,N/A,True,expired,False
0000000001,ABBT0152008,Intermittent,Intermittent_0,expired,80,80,3,2021-03-22,2022-03-22,2022-03-22,0.0,157.90410777600002,,0.022844923,0.049712852,OGI,2022-01-04,N/A,N/A,True,expired,False
0000000002,ABBT0152008,Intermittent,Intermittent_0,expired,325,325,3,2021-11-22,2022-11-22,2022-11-22,0.0,2904.8397768000004,,0.10344871,0.049712852,OGI,2022-01-04,N/A,N/A,True,expired,False
0000000001,ABBT0152008,LevelController,LevelController_0,active,273,273,0,2022-04-03,,,0.0,538.8477677856,,0.022844923,,,,N/A,N/A,False,,False
0000000002,ABBT0152008,LevelController,LevelController_0,active,88,88,0,2022-10-05,,,0.0,173.69451855360003,,0.022844923,,,,N/A,N/A,False,,False
0000000003,ABBT0152008,LevelController,LevelController_0,active,23,23,0,2022-12-09,,,0.0,5.139332409600001,,0.002586218,,,,N/A,N/A,False,,False
0000000004,ABBT0152008,LevelController,LevelController_0,active,20,20,0,2022-12-12,,,0.0,8.937967680000002,,0.005172435,,,,N/A,N/A,False,,False
0000000000,ABBT0152008,LevelController,LevelController_0,expired,9,9,0,2021-01-10,2022-01-10,2022-01-10,0.0,4.022085456000001,,0.005172435,,,,N/A,N/A,False,expired,False
0000000003,ABBT0152008,PressureController,PressureController_0,active,259,259,0,2022-04-17,,,0.0,511.21454892480006,,0.022844923,,,,N/A,N/A,False,,False
0000000004,ABBT0152008,PressureController,PressureController_0,active,103,103,0,2022-09-20,,,0.0,851.5649552544,,0.095690057,,,,N/A,N/A,False,,False
0000000005,ABBT0152008,PressureController,PressureController_0,active,18,18,0,2022-12-14,,,0.0,35.5284242496,,0.022844923,,,,N/A,N/A,False,,False
0000000000,ABBT0152008,PressureController,PressureController_0,expired,5,5,3,2021-01-06,2022-01-06,2022-01-06,0.0,1.117246176,,0.002586218,0.033620831,OGI,2022-01-04,N/A,N/A,True,expired,False
0000000001,ABBT0152008,PressureController,PressureController_0,expired,106,106,3,2021-04-17,2022-04-17,2022-04-17,0.0,876.3678180288,,0.095690057,0.033620831,OGI,2022-01-04,N/A,N/A,True,expired,False
0000000002,ABBT0152008,PressureController,PressureController_0,expired,116,116,3,2021-04-27,2022-04-27,2022-04-27,0.0,25.9201112832,,0.002586218,0.033620831,OGI,2022-01-04,N/A,N/A,True,expired,False
0000000002,ABBT0152008,Pump,Pump_0,active,342,342,0,2022-01-24,,,0.0,152.83924732800003,,0.005172435,,,,N/A,N/A,False,,False
0000000003,ABBT0152008,Pump,Pump_0,active,316,316,0,2022-02-19,,,0.0,2612.5682122368003,,0.095690057,,,,N/A,N/A,False,,False
0000000004,ABBT0152008,Pump,Pump_0,active,310,310,0,2022-02-25,,,0.0,611.878417632,,0.022844923,,,,N/A,N/A,False,,False
0000000000,ABBT0152008,Pump,Pump_0,expired,235,235,0,2021-08-24,2022-08-24,2022-08-24,0.0,1942.8909173280001,,0.095690057,,,,N/A,N/A,False,expired,False
0000000001,ABBT0152008,Pump,Pump_0,expired,352,352,0,2021-12-19,2022-12-19,2022-12-19,0.0,694.7780742144001,,0.022844923,,,,N/A,N/A,False,expired,False
0000000000,ABBT0068619,CatalyticHeater,Connector_0,active,91,91,0,2022-10-02,,2023-10-02,0.0,20.333880403200002,,0.002586218,,,,False,,N/A,N/A,True
0000000000,ABBT0068619,CatalyticHeater,Regulator_0,active,102,102,0,2022-09-21,,2023-09-21,0.0,843.2973343296,,0.095690057,,,,False,,N/A,N/A,True
0000000001,ABBT0068619,CatalyticHeater,Regulator_0,active,30,30,0,2022-12-02,,2023-12-02,0.0,46.924334208000005,,0.018103524,,,,False,,N/A,N/A,True
0000000000,ABBT0068619,CatalyticHeater,Valve_0,repaired,167,167,0,2021-06-17,2022-06-17,2022-06-17,0.0,447.79222405440004,,0.031034613,,,,True,natural,N/A,N/A,True
0000000000,ABBT0068619,CatalyticHeater,CatadyneHeater_0,repaired,259,259,0,2021-09-17,2022-09-17,2022-09-17,0.0,57.8733519168,,0.002586218,,,,True,natural,N/A,N/A,True
0000000000,ABBT0068619,FlareKnockOutDrum,Connector_1,repaired,48,48,0,2021-02-18,2022-02-18,2022-02-18,0.0,128.7067470336,,0.031034613,,,,True,natural,N/A,N/A,True
0000000000,ABBT0068619,FlareKnockOutDrum,Connector_8,active,165,165,0,2022-07-20,,2023-07-20,0.0,1364.157452592,,0.095690057,,,,False,,N/A,N/A,True
0000000000,ABBT0068619,FlareKnockOutDrum,Connector_13,repaired,100,100,0,2021-04-11,2022-04-11,2022-04-11,0.0,156.41444736,,0.018103524,,,,True,natural,N/A,N/A,True
0000000000,ABBT0068619,FlareKnockOutDrum,Connector_17,repaired,4,4,0,2021-01-05,2022-01-05,2022-01-05,0.0,6.2565778944,,0.018103524,,,,True,natural,N/A,N/A,True
0000000000,ABBT0068619,FlareKnockOutDrum,Connector_28,repaired,307,307,0,2021-11-04,2022-11-04,2022-11-04,0.0,2538.1596239136,,0.095690057,,,,True,natural,N/A,N/A,True
0000000000,ABBT0068619,FlareKnockOutDrum,Connector_30,active,316,316,0,2022-02-19,,2023-02-19,0.0,1412.199029952,,0.051724355,,,,False,,N/A,N/A,True
0000000000,ABBT0068619,FlareKnockOutDrum,Connector_35,active,261,261,0,2022-04-15,,2023-04-15,0.0,58.320250387200005,,0.002586218,,,,False,,N/A,N/A,True
0000000000,ABBT0068619,FlareKnockOutDrum,Connector_36,repaired,19,19,3,2021-02-23,2022-01-20,2022-02-23,91.1672791488,50.946420700800005,,0.031034613,0.031034613,OGI,2022-01-04,True,OGI,N/A,N/A,True
0000000000,ABBT0068619,GasBoot,Connector_2,repaired,19,19,3,2021-01-10,2022-01-20,2022-01-10,0.0,50.946420700800005,,0.031034613,0.031034613,OGI,2022-01-04,True,OGI,N/A,N/A,True
0000000000,ABBT0068619,GasBoot,Connector_7,active,182,182,0,2022-07-03,,2023-07-03,0.0,813.355137504,,0.051724355,,,,False,,N/A,N/A,True
0000000000,ABBT0068619,GasBoot,Connector_8,active,84,84,0,2022-10-09,,2023-10-09,0.0,225.2368073088,,0.031034613,,,,False,,N/A,N/A,True
0000000000,ABBT0068619,GasBoot,Connector_15,repaired,173,173,0,2021-06-23,2022-06-23,2022-06-23,0.0,270.59699393280005,,0.018103524,,,,True,natural,N/A,N/A,True
0000000000,ABBT0068619,GasPipelineHeader,Connector_13,active,161,161,0,2022-07-24,,2023-07-24,0.0,431.7038806752,,0.031034613,,,,False,,N/A,N/A,True
0000000000,ABBT0068619,GasPipelineHeader,Connector_29,repaired,49,49,0,2021-02-19,2022-02-19,2022-02-19,0.0,131.38813759680002,,0.031034613,,,,True,natural,N/A,N/A,True
0000000000,ABBT0068619,GasPipelineHeader,Valve_11,repaired,236,236,0,2021-08-25,2022-08-25,2022-08-25,0.0,369.1380957696,,0.018103524,,,,True,natural,N/A,N/A,True
0000000000,ABBT0068619,GasPipelineHeader,Valve_13,repaired,19,19,3,2021-05-05,2022-01-20,2022-05-05,281.546009136,50.946420700800005,,0.031034613,0.031034613,OGI,2022-01-04,True,OGI,N/A,N/A,True
0000000000,ABBT0068619,Incinerator,Connector_6,repaired,28,28,0,2021-01-29,2022-01-29,2022-01-29,0.0,6.2565785856,,0.002586218,,,,True,natural,N/A,N/A,True
0000000000,ABBT0068619,Incinerator,Valve_3,repaired,338,338,0,2021-12-05,2022-12-05,2022-12-05,0.0,906.3100103616,,0.031034613,,,,True,natural,N/A,N/A,True
0000000000,ABBT0068619,LineHeater,Connector_6,active,354,354,0,2022-01-12,,2023-01-12,0.0,949.2122593728001,,0.031034613,,,,False,,N/A,N/A,True
0000000001,ABBT0068619,LineHeater,Connector_6,active,114,114,0,2022-09-09,,2023-09-09,0.0,305.6785242048,,0.031034613,,,,False,,N/A,N/A,True
0000000000,ABBT0068619,LineHeater,Connector_15,active,336,336,0,2022-01-30,,2023-01-30,0.0,900.9472292352,,0.031034613,,,,False,,N/A,N/A,True
0000000000,ABBT0068619,LineHeater,Connector_19,repaired,19,19,3,2021-12-22,2022-01-20,2022-12-22,75.0789430272,4.2455354688,,0.002586218,0.002586218,OGI,2022-01-04,True,OGI,N/A,N/A,True
0000000000,ABBT0068619,LineHeater,Connector_21,active,189,189,0,2022-06-26,,2023-06-26,0.0,42.2319054528,,0.002586218,,,,False,,N/A,N/A,True
0000000000,ABBT0068619,LineHeater,Connector_33,active,114,114,0,2022-09-09,,2023-09-09,0.0,305.6785242048,,0.031034613,,,,False,,N/A,N/A,True
0000000000,ABBT0068619,LineHeater,Connector_38,active,346,346,0,2022-01-20,,2023-01-20,0.0,927.7611348672,,0.031034613,,,,False,,N/A,N/A,True
0000000000,ABBT0068619,LiquidPipelineHeader,Connector_57,active,99,99,0,2022-09-24,,2023-09-24,0.0,265.45766575680005,,0.031034613,,,,False,,N/A,N/A,True
0000000000,ABBT0068619,LiquidPipelineHeader,Connector_65,active,306,306,0,2022-03-01,,2023-03-01,0.0,820.5055123392001,,0.031034613,,,,False,,N/A,N/A,True
0000000000,ABBT0068619,LiquidPipelineHeader,Connector_94,repaired,53,53,0,2021-02-23,2022-02-23,2022-02-23,0.0,11.842809465600002,,0.002586218,,,,True,natural,N/A,N/A,True
0000000000,ABBT0068619,PigTrap(GasService),Connector_6,active,114,114,0,2022-09-09,,2023-09-09,0.0,509.4642070080001,,0.051724355,,,,False,,N/A,N/A,True
0000000000,ABBT0068619,PigTrap(GasService),Connector_9,repaired,195,195,0,2021-07-15,2022-07-15,2022-07-15,0.0,522.8711598240001,,0.031034613,,,,True,natural,N/A,N/A,True
0000000000,ABBT0068619,ProductionTank(fixedroof-heavyoil),Connector_10,active,364,364,0,2022-01-02,,2023-01-02,0.0,3009.4140166272005,,0.095690057,,,,False,,N/A,N/A,True
0000000000,ABBT0068619,ProductionTank(fixedroof-heavyoil),Connector_23,active,161,161,0,2022-07-24,,2023-07-24,0.0,251.82726024960002,,0.018103524,,,,False,,N/A,N/A,True
0000000000,ABBT0068619,ScrewCompressor,Connector_14,active,327,327,0,2022-02-08,,2023-02-08,0.0,73.0678999104,,0.002586218,,,,False,,N/A,N/A,True
0000000000,ABBT0068619,ScrewCompressor,Connector_19,repaired,70,70,0,2021-03-12,2022-03-12,2022-03-12,0.0,187.697339424,,0.031034613,,,,True,natural,N/A,N/A,True
0000000000,ABBT0068619,ScrewCompressor,Connector_110,active,320,320,0,2022-02-15,,2023-02-15,0.0,2645.638695936,,0.095690057,,,,False,,N/A,N/A,True
0000000000,ABBT0068619,Separator,Connector_41,active,103,103,0,2022-09-20,,2023-09-20,0.0,276.18322800960004,,0.031034613,,,,False,,N/A,N/A,True
0000000000,ABBT0068619,Separator,Connector_57,active,28,28,0,2022-12-04,,2023-12-04,0.0,125.131559616,,0.051724355,,,,False,,N/A,N/A,True
0000000000,ABBT0068619,Separator,Connector_69,active,127,127,0,2022-08-27,,2023-08-27,0.0,340.5366015264,,0.031034613,,,,False,,N/A,N/A,True
0000000000,ABBT0068619,Separator,Meter_0,repaired,19,19,3,2021-03-27,2022-01-20,2022-03-27,176.97177717120002,50.946420700800005,,0.031034613,0.031034613,OGI,2022-01-04,True,OGI,N/A,N/A,True
0000000000,ABBT0068619,Separator,PSV_1,active,230,230,0,2022-05-16,,2023-05-16,0.0,51.393324096,,0.002586218,,,,False,,N/A,N/A,True
0000000003,ABBT0068619,Intermittent,Intermittent_0,active,308,308,0,2022-02-27,,,0.0,607.9308149376001,,0.022844923,,,,N/A,N/A,False,,False
0000000004,ABBT0068619,Intermittent,Intermittent_0,active,170,170,0,2022-07-15,,,0.0,1519.45465248,,0.10344871,,,,N/A,N/A,False,,False
0000000005,ABBT0068619,Intermittent,Intermittent_0,active,167,167,0,2022-07-18,,,0.0,1380.6926944416,,0.095690057,,,,N/A,N/A,False,,False
0000000006,ABBT0068619,Intermittent,Intermittent_0,active,5,5,0,2022-12-27,,,0.0,9.869006736000001,,0.022844923,,,,N/A,N/A,False,,False
0000000000,ABBT0068619,Intermittent,Intermittent_0,expired,39,39,3,2021-02-09,2022-02-09,2022-02-09,0.0,76.9782525408,,0.022844923,0.011925337,OGI,2022-01-04,N/A,N/A,True,expired,False
0000000001,ABBT0068619,Intermittent,Intermittent_0,expired,94,94,3,2021-04-05,2022-04-05,2022-04-05,0.0,42.00844809600001,,0.005172435,0.011925337,OGI,2022-01-04,N/A,N/A,True,expired,False
0000000002,ABBT0068619,Intermittent,Intermittent_0,expired,171,171,3,2021-06-21,2022-06-21,2022-06-21,0.0,114.62944288320001,,0.007758653,0.011925337,OGI,2022-01-04,N/A,N/A,True,expired,False
0000000002,ABBT0068619,LevelController,LevelController_0,active,109,109,0,2022-09-14,,,0.0,48.71192385600001,,0.005172435,,,,N/A,N/A,False,,False
0000000003,ABBT0068619,LevelController,LevelController_0,active,84,84,0,2022-10-09,,,0.0,37.539464256,,0.005172435,,,,N/A,N/A,False,,False
0000000000,ABBT0068619,LevelController,LevelController_0,expired,169,169,0,2021-06-19,2022-06-19,2022-06-19,0.0,333.57242767680003,,0.022844923,,,,N/A,N/A,False,expired,False
0000000001,ABBT0068619,LevelController,LevelController_0,expired,213,213,0,2021-08-02,2022-08-02,2022-08-02,0.0,95.18935579200001,,0.005172435,,,,N/A,N/A,False,expired,False
0000000001,ABBT0068619,PressureController,PressureController_0,active,268,268,0,2022-04-08,,,0.0,2395.375569792,,0.10344871,,,,N/A,N/A,False,,False
0000000002,ABBT0068619,PressureController,PressureController_0,active,184,184,0,2022-07-01,,,0.0,1521.2422501632,,0.095690057,,,,N/A,N/A,False,,False
0000000003,ABBT0068619,PressureController,PressureController_0,active,4,4,0,2022-12-28,,,0.0,2.6813904768000003,,0.007758653,,,,N/A,N/A,False,,False
0000000000,ABBT0068619,PressureController,PressureController_0,expired,99,99,3,2021-04-10,2022-04-10,2022-04-10,0.0,884.858885856,,0.10344871,0.10344871,OGI,2022-01-04,N/A,N/A,True,expired,False
0000000001,ABBT0068619,Pump,Pump_0,active,242,242,0,2022-05-04,,,0.0,477.6599260224,,0.022844923,,,,N/A,N/A,False,,False
0000000000,ABBT0068619,Pump,Pump_0,expired,336,336,3,2021-12-03,2022-12-03,2022-12-03,0.0,150.157857024,,0.005172435,0.005172435,OGI,2022-01-04,N/A,N/A,True,expired,False
0000000002,ABBT0068619,Transducer,Transducer_0,active,118,118,0,2022-09-05,,,0.0,232.90855896960002,,0.022844923,,,,N/A,N/A,False,,False
0000000003,ABBT0068619,Transducer,Transducer_0,active,85,85,0,2022-10-08,,,0.0,18.993184992,,0.002586218,,,,N/A,N/A,False,,False
0000000000,ABBT0068619,Transducer,Transducer_0,expired,48,48,0,2021-02-18,2022-02-18,2022-02-18,0.0,429.022490112,,0.10344871,,,,N/A,N/A,False,expired,False
0000000001,ABBT0068619,Transducer,Transducer_0,expired,94,94,0,2021-04-05,2022-04-05,2022-04-05,0.0,185.53732663680003,,0.022844923,,,,N/A,N/A,False,expired,False
