Date,Daily Emissions (Kg Methane),Daily Mitigable Emissions (Kg Methane),Daily Non-Mitigable Emissions (Kg Methane),Daily Cost ($),Active Leaks,New Leaks,Leaks Repaired,Leaks Naturally Repaired,Leaks Tagged,Daily Repair Cost ($),Daily Natural Repair Cost ($),stationary Deployment Cost ($),stationary Sites flagged for Follow-Up,stationary Leaks tagged for repair,stationary Sites Visited,stationary Travel Time (Minutes),stationary Survey Time (Minutes),OGI_FU Deployment Cost ($),OGI_FU Sites flagged for Follow-Up,OGI_FU Leaks tagged for repair,OGI_FU Sites Visited,OGI_FU Travel Time (Minutes),OGI_FU Survey Time (Minutes)
2022-01-01,10131.41077,6941.00292,3190.40785,6300.00000,3715,3731,0,12,0.00000,0.00000,2400.00000,6300,0,,100,0,0,0.00000,,0,0,0,0
2022-01-02,10109.25205,6934.07600,3175.17606,300.00000,3716,10,0,6,0.00000,0.00000,1200.00000,300,0,,100,0,0,0.00000,,0,0,0,0
2022-01-03,10143.55151,6945.02501,3198.52650,300.00000,3725,16,0,4,0.00000,0.00000,800.00000,300,0,,100,0,0,0.00000,,0,0,0,0
2022-01-04,10123.51556,6936.75739,3186.75818,300.00000,3719,5,0,7,0.00000,0.00000,1400.00000,300,0,,100,0,0,0.00000,,0,0,0,0
2022-01-05,10130.47973,6936.53394,3193.94579,300.00000,3717,8,0,6,0.00000,0.00000,1200.00000,300,0,,100,0,0,0.00000,,0,0,0,0
2022-01-06,10145.63704,6951.05814,3194.57890,300.00000,3720,13,0,5,0.00000,0.00000,1000.00000,300,0,,100,0,0,0.00000,,0,0,0,0
2022-01-07,10144.96669,6941.67327,3203.29342,300.00000,3720,10,0,9,0.00000,0.00000,1800.00000,300,0,,100,0,0,0.00000,,0,0,0,0
2022-01-08,10113.53483,6923.35043,3190.18440,300.00000,3710,8,0,13,0.00000,0.00000,2600.00000,300,0,,100,0,0,0.00000,,0,0,0,0
2022-01-09,10118.82313,6932.06495,3186.75818,300.00000,3713,13,0,8,0.00000,0.00000,1600.00000,300,0,,100,0,0,0.00000,,0,0,0,0
2022-01-10,10122.95694,6933.85255,3189.10439,1300.00000,3718,13,0,5,57.00000,0.00000,1000.00000,300,100,,100,0,0,1000.00000,,57,3,120,360
2022-01-11,10132.11836,6934.74634,3197.37201,1300.00000,3716,10,0,9,53.00000,0.00000,1800.00000,300,0,,100,0,0,1000.00000,,53,3,120,360
2022-01-12,10149.51016,6933.18220,3216.32796,1300.00000,3716,9,0,8,53.00000,0.00000,1600.00000,300,0,,100,0,0,1000.00000,,53,3,120,360
2022-01-13,10158.67157,6932.73530,3225.93627,1300.00000,3716,9,0,9,55.00000,0.00000,1800.00000,300,0,,100,0,0,1000.00000,,55,3,120,360
2022-01-14,10196.88139,6945.47191,3251.40948,1300.00000,3723,14,0,4,45.00000,0.00000,800.00000,300,0,,100,0,0,1000.00000,,45,3,120,360
2022-01-15,10214.08698,6953.51608,3260.57090,1300.00000,3730,14,0,6,57.00000,0.00000,1200.00000,300,0,,100,0,0,1000.00000,,57,3,120,360
2022-01-16,10250.65817,6976.30790,3274.35027,1300.00000,3739,14,0,3,57.00000,0.00000,600.00000,300,0,,100,0,0,1000.00000,,57,3,120,360
2022-01-17,10248.23747,6984.35207,3263.88540,1300.00000,3744,12,0,4,55.00000,0.00000,800.00000,300,0,,100,0,0,1000.00000,,55,3,120,360
2022-01-18,10255.68577,6984.35207,3271.33370,1300.00000,3746,11,0,7,62.00000,0.00000,1400.00000,300,0,,100,0,0,1000.00000,,62,3,120,360
2022-01-19,10246.82229,6988.82105,3258.00123,1300.00000,3743,7,0,4,57.00000,0.00000,800.00000,300,24,,100,0,0,1000.00000,,57,3,120,360
2022-01-20,10231.70222,6986.36311,3245.33911,1300.00000,3740,6,0,5,61.00000,0.00000,1000.00000,300,0,,100,0,0,1000.00000,,61,3,120,360
2022-01-21,10252.29679,6992.84314,3259.45365,1300.00000,3742,8,0,4,56.00000,0.00000,800.00000,300,0,,100,0,0,1000.00000,,56,3,120,360
2022-01-22,10267.23065,6988.59760,3278.63305,1300.00000,3742,8,0,7,52.00000,0.00000,1400.00000,300,0,,100,0,0,1000.00000,,52,3,120,360
2022-01-23,10257.39888,6988.15071,3269.24818,1300.00000,3741,10,0,6,55.00000,0.00000,1200.00000,300,0,,100,0,0,1000.00000,,55,3,120,360
2022-01-24,10259.59613,6997.08867,3262.50746,1300.00000,3735,12,0,14,52.00000,0.00000,2800.00000,300,0,,100,0,0,1000.00000,,52,3,120,360
2022-01-25,10079.08641,6818.77620,3260.31021,11900.00000,3678,9,53,9,58.00000,10600.00000,1800.00000,300,0,,100,0,0,1000.00000,,58,3,120,360
2022-01-26,9923.93817,6668.84178,3255.09639,10300.00000,3634,10,45,5,34.00000,9000.00000,1000.00000,300,0,,100,0,0,1000.00000,,34,3,120,360
2022-01-27,9806.44113,6543.03987,3263.40126,9900.00000,3594,11,43,5,63.00000,8600.00000,1000.00000,300,24,,100,0,0,1000.00000,,63,3,120,360
2022-01-28,9620.12173,6377.01711,3243.10462,11100.00000,3535,5,49,8,43.00000,9800.00000,1600.00000,300,0,,100,0,0,1000.00000,,43,3,120,360
2022-01-29,9518.48958,6269.31459,3249.17499,8300.00000,3505,13,35,6,18.00000,7000.00000,1200.00000,300,0,,100,0,0,1000.00000,,18,3,120,360
2022-01-30,9386.87799,6147.31132,3239.56667,11500.00000,3463,17,51,4,12.00000,10200.00000,800.00000,300,0,,100,0,0,1000.00000,,12,3,120,360
2022-01-31,9176.35159,5933.47042,3242.88117,11700.00000,3413,11,52,6,34.00000,10400.00000,1200.00000,300,0,,100,0,0,1000.00000,,34,3,120,360
2022-02-01,9042.87793,5803.42298,3239.45495,9300.00000,3370,7,40,8,11.00000,8000.00000,1600.00000,300,0,,100,0,0,1000.00000,,11,3,120,360
2022-02-02,8867.43305,5624.44016,3242.99290,11500.00000,3326,12,51,3,14.00000,10200.00000,600.00000,300,0,,100,0,0,1000.00000,,14,3,120,360
2022-02-03,8881.32414,5632.03743,3249.28671,1300.00000,3324,6,0,6,44.00000,0.00000,1200.00000,300,0,,100,0,0,1000.00000,,44,3,120,360
2022-02-04,8896.92835,5654.60580,3242.32255,1300.00000,3329,13,0,6,16.00000,0.00000,1200.00000,300,24,,100,0,0,1000.00000,,16,3,120,360
2022-02-05,8894.47041,5659.52168,3234.94872,1500.00000,3333,12,1,5,21.00000,200.00000,1000.00000,300,0,,100,0,0,1000.00000,,21,3,120,360
2022-02-06,8889.96418,5651.70096,3238.26322,1500.00000,3333,12,1,9,12.00000,200.00000,1800.00000,300,0,,100,0,0,1000.00000,,12,3,120,360
2022-02-07,8892.64557,5653.93545,3238.71012,1300.00000,3334,11,0,9,14.00000,0.00000,1800.00000,300,0,,100,0,0,1000.00000,,14,3,120,360
2022-02-08,8878.53103,5636.72986,3241.80117,1500.00000,3336,10,1,6,13.00000,200.00000,1200.00000,300,0,,100,0,0,1000.00000,,13,3,120,360
2022-02-09,8875.10481,5630.47329,3244.63152,1700.00000,3332,6,2,5,11.00000,400.00000,1000.00000,300,0,,100,0,0,1000.00000,,11,3,120,360
2022-02-10,8872.19997,5635.83607,3236.36390,2100.00000,3329,7,4,3,13.00000,800.00000,600.00000,300,0,,100,0,0,1000.00000,,13,3,120,360
2022-02-11,8890.89522,5650.80716,3240.08806,1700.00000,3333,16,2,7,19.00000,400.00000,1400.00000,300,0,,100,0,0,1000.00000,,19,3,120,360
2022-02-12,8905.90356,5649.68992,3256.21364,1300.00000,3335,17,0,12,9.00000,0.00000,2400.00000,300,24,,100,0,0,1000.00000,,9,3,120,360
2022-02-13,8901.21112,5645.22093,3255.99019,2100.00000,3328,10,4,11,15.00000,800.00000,2200.00000,300,0,,100,0,0,1000.00000,,15,3,120,360
2022-02-14,8903.63182,5661.30928,3242.32255,1500.00000,3330,13,1,6,17.00000,200.00000,1200.00000,300,0,,100,0,0,1000.00000,,17,3,120,360
2022-02-15,8926.87054,5666.22516,3260.64538,1700.00000,3332,9,2,4,12.00000,400.00000,800.00000,300,0,,100,0,0,1000.00000,,12,3,120,360
2022-02-16,8942.51199,5682.09005,3260.42193,1900.00000,3336,16,3,3,15.00000,600.00000,600.00000,300,0,,100,0,0,1000.00000,,15,3,120,360
2022-02-17,8935.54782,5681.86660,3253.68122,1900.00000,3331,2,3,2,15.00000,600.00000,400.00000,300,0,,100,0,0,1000.00000,,15,3,120,360
2022-02-18,8809.52246,5556.28815,3253.23432,8100.00000,3299,11,34,5,15.00000,6800.00000,1000.00000,300,0,,100,0,0,1000.00000,,15,3,120,360
2022-02-19,8786.84237,5554.94745,3231.89492,1900.00000,3292,12,3,9,17.00000,600.00000,1800.00000,300,0,,100,0,0,1000.00000,,17,3,120,360
2022-02-20,8770.23264,5543.77499,3226.45765,1700.00000,3287,6,2,6,14.00000,400.00000,1200.00000,300,24,,100,0,0,1000.00000,,14,3,120,360
2022-02-21,8758.12914,5538.41221,3219.71694,1300.00000,3282,9,0,10,15.00000,0.00000,2000.00000,300,0,,100,0,0,1000.00000,,15,3,120,360
2022-02-22,8754.14430,5536.40117,3217.74313,1700.00000,3281,9,2,6,16.00000,400.00000,1200.00000,300,0,,100,0,0,1000.00000,,16,3,120,360
2022-02-23,8752.76636,5548.46742,3204.29894,1700.00000,3285,14,2,4,11.00000,400.00000,800.00000,300,0,,100,0,0,1000.00000,,11,3,120,360
2022-02-24,8743.86564,5558.96954,3184.89610,1500.00000,3288,10,1,3,12.00000,200.00000,600.00000,300,0,,100,0,0,1000.00000,,12,3,120,360
2022-02-25,8739.47114,5558.74609,3180.72505,1500.00000,3288,8,1,4,15.00000,200.00000,800.00000,300,0,,100,0,0,1000.00000,,15,3,120,360
2022-02-26,8743.04632,5545.33913,3197.70719,1700.00000,3287,5,2,4,14.00000,400.00000,800.00000,300,0,,100,0,0,1000.00000,,14,3,120,360
2022-02-27,8756.67672,5558.29919,3198.37754,1300.00000,3293,9,0,2,18.00000,0.00000,400.00000,300,0,,100,0,0,1000.00000,,18,3,120,360
2022-02-28,8758.46432,5567.23716,3191.22716,1700.00000,3297,14,2,3,15.00000,400.00000,600.00000,300,24,,100,0,0,1000.00000,,15,3,120,360
2022-03-01,8752.02153,5571.03579,3180.98574,1500.00000,3293,6,1,6,16.00000,200.00000,1200.00000,300,0,,100,0,0,1000.00000,,16,3,120,360
2022-03-02,8747.10565,5565.89646,3181.20919,1700.00000,3292,11,2,8,9.00000,400.00000,1600.00000,300,0,,100,0,0,1000.00000,,9,3,120,360
2022-03-03,8760.28915,5578.63307,3181.65609,1900.00000,3294,14,3,9,11.00000,600.00000,1800.00000,300,0,,100,0,0,1000.00000,,11,3,120,360
2022-03-04,8750.45739,5576.62202,3173.83536,1900.00000,3294,12,3,7,14.00000,600.00000,1400.00000,300,0,,100,0,0,1000.00000,,14,3,120,360
2022-03-05,8748.40910,5564.10887,3184.30023,1500.00000,3289,5,1,8,15.00000,200.00000,1600.00000,300,0,,100,0,0,1000.00000,,15,3,120,360
2022-03-06,8732.69318,5545.11569,3187.57749,2100.00000,3290,10,4,3,14.00000,800.00000,600.00000,300,0,,100,0,0,1000.00000,,14,3,120,360
2022-03-07,8725.35659,5532.60253,3192.75406,1500.00000,3288,10,1,6,12.00000,200.00000,1200.00000,300,0,,100,0,0,1000.00000,,12,3,120,360
2022-03-08,8731.61317,5528.80389,3202.80928,1500.00000,3293,15,1,7,12.00000,200.00000,1400.00000,300,24,,100,0,0,1000.00000,,12,3,120,360
2022-03-09,8726.25039,5514.95004,3211.30035,1500.00000,3293,10,1,8,16.00000,200.00000,1600.00000,300,0,,100,0,0,1000.00000,,16,3,120,360
2022-03-10,8718.02001,5508.47001,3209.55000,1700.00000,3289,7,2,6,13.00000,400.00000,1200.00000,300,0,,100,0,0,1000.00000,,13,3,120,360
2022-03-11,8731.35248,5518.30178,3213.05070,1500.00000,3296,12,1,3,11.00000,200.00000,600.00000,300,0,,100,0,0,1000.00000,,11,3,120,360
2022-03-12,8730.90558,5516.96108,3213.94450,1700.00000,3301,12,2,4,14.00000,400.00000,800.00000,300,0,,100,0,0,1000.00000,,14,3,120,360
2022-03-13,8704.05443,5497.29755,3206.75688,1700.00000,3292,8,2,11,16.00000,400.00000,2200.00000,300,0,,100,0,0,1000.00000,,16,3,120,360
2022-03-14,8678.54398,5478.52782,3200.01616,2300.00000,3286,8,5,6,16.00000,1000.00000,1200.00000,300,0,,100,0,0,1000.00000,,16,3,120,360
2022-03-15,8700.25580,5483.22025,3217.03554,1700.00000,3294,16,2,4,18.00000,400.00000,800.00000,300,0,,100,0,0,1000.00000,,18,3,120,360
2022-03-16,8732.61869,5523.66456,3208.95413,1500.00000,3300,17,1,6,18.00000,200.00000,1200.00000,300,24,,100,0,0,1000.00000,,18,3,120,360
2022-03-17,8743.79115,5525.00526,3218.78590,1300.00000,3305,14,0,6,14.00000,0.00000,1200.00000,300,0,,100,0,0,1000.00000,,14,3,120,360
2022-03-18,8742.00356,5522.77076,3219.23280,1500.00000,3309,10,1,4,11.00000,200.00000,800.00000,300,0,,100,0,0,1000.00000,,11,3,120,360
2022-03-19,8749.86152,5525.22871,3224.63282,1700.00000,3306,10,2,6,10.00000,400.00000,1200.00000,300,0,,100,0,0,1000.00000,,10,3,120,360
2022-03-20,8762.15123,5529.02734,3233.12389,1700.00000,3308,10,2,4,12.00000,400.00000,800.00000,300,0,,100,0,0,1000.00000,,12,3,120,360
2022-03-21,8743.41874,5531.03838,3212.38035,1500.00000,3303,10,1,5,19.00000,200.00000,1000.00000,300,0,,100,0,0,1000.00000,,19,3,120,360
2022-03-22,8758.20363,5531.70873,3226.49489,1300.00000,3305,9,0,4,12.00000,0.00000,800.00000,300,0,,100,0,0,1000.00000,,12,3,120,360
2022-03-23,8725.80349,5506.45897,3219.34452,1500.00000,3303,8,1,7,18.00000,200.00000,1400.00000,300,0,,100,0,0,1000.00000,,18,3,120,360
2022-03-24,8709.08204,5491.93477,3217.14727,1500.00000,3297,6,1,7,13.00000,200.00000,1400.00000,300,24,,100,0,0,1000.00000,,13,3,120,360
2022-03-25,8702.82546,5476.29333,3226.53214,1500.00000,3294,9,1,10,15.00000,200.00000,2000.00000,300,0,,100,0,0,1000.00000,,15,3,120,360
2022-03-26,8711.31653,5484.11405,3227.20248,1500.00000,3298,10,1,3,11.00000,200.00000,600.00000,300,0,,100,0,0,1000.00000,,11,3,120,360
2022-03-27,8724.98418,5498.41480,3226.56938,1700.00000,3303,13,2,4,7.00000,400.00000,800.00000,300,0,,100,0,0,1000.00000,,7,3,120,360
2022-03-28,8710.57170,5487.68924,3222.88247,1900.00000,3305,12,3,4,17.00000,600.00000,800.00000,300,0,,100,0,0,1000.00000,,17,3,120,360
2022-03-29,8722.86141,5482.77335,3240.08806,1700.00000,3306,10,2,7,17.00000,400.00000,1400.00000,300,0,,100,0,0,1000.00000,,17,3,120,360
2022-03-30,8724.20211,5483.89060,3240.31150,2300.00000,3309,13,5,3,16.00000,1000.00000,600.00000,300,0,,100,0,0,1000.00000,,16,3,120,360
2022-03-31,8713.47654,5482.54991,3230.92664,1300.00000,3311,10,0,5,13.00000,0.00000,1000.00000,300,0,,100,0,0,1000.00000,,13,3,120,360
2022-04-01,8701.93167,5474.95263,3226.97903,1500.00000,3307,6,1,6,16.00000,200.00000,1200.00000,300,24,,100,0,0,1000.00000,,16,3,120,360
2022-04-02,8673.40465,5450.59667,3222.80798,1700.00000,3297,6,2,11,14.00000,400.00000,2200.00000,300,0,,100,0,0,1000.00000,,14,3,120,360
2022-04-03,8665.84462,5445.45734,3220.38728,1500.00000,3295,12,1,7,9.00000,200.00000,1400.00000,300,0,,100,0,0,1000.00000,,9,3,120,360
2022-04-04,8658.47080,5448.13873,3210.33207,1700.00000,3295,8,2,2,10.00000,400.00000,400.00000,300,0,,100,0,0,1000.00000,,10,3,120,360
2022-04-05,8636.12587,5434.28488,3201.84100,2100.00000,3291,10,4,6,9.00000,800.00000,1200.00000,300,0,,100,0,0,1000.00000,,9,3,120,360
2022-04-06,8631.24723,5431.38004,3199.86720,1300.00000,3290,8,0,7,12.00000,0.00000,1400.00000,300,0,,100,0,0,1000.00000,,12,3,120,360
2022-04-07,8607.30093,5413.50410,3193.79683,2700.00000,3288,9,7,1,18.00000,1400.00000,200.00000,300,0,,100,0,0,1000.00000,,18,3,120,360
2022-04-08,8589.27602,5407.91787,3181.35815,1500.00000,3291,15,1,7,15.00000,200.00000,1400.00000,300,0,,100,0,0,1000.00000,,15,3,120,360
2022-04-09,8608.08300,5419.76068,3188.32232,1300.00000,3295,13,0,5,9.00000,0.00000,1000.00000,300,24,,100,0,0,1000.00000,,9,3,120,360
2022-04-10,8610.35473,5424.22966,3186.12507,1500.00000,3300,13,1,4,13.00000,200.00000,800.00000,300,0,,100,0,0,1000.00000,,13,3,120,360
2022-04-11,8625.54928,5422.66552,3202.88376,1300.00000,3303,12,0,6,9.00000,0.00000,1200.00000,300,0,,100,0,0,1000.00000,,9,3,120,360
2022-04-12,8633.40724,5439.64766,3193.75959,1700.00000,3306,15,2,6,9.00000,400.00000,1200.00000,300,0,,100,0,0,1000.00000,,9,3,120,360
2022-04-13,8595.12294,5422.21862,3172.90433,1700.00000,3300,13,2,13,19.00000,400.00000,2600.00000,300,0,,100,0,0,1000.00000,,19,3,120,360
2022-04-14,8580.33805,5405.23648,3175.10158,1700.00000,3297,5,2,5,14.00000,400.00000,1000.00000,300,0,,100,0,0,1000.00000,,14,3,120,360
2022-04-15,8587.93533,5404.34268,3183.59265,1900.00000,3296,11,3,7,16.00000,600.00000,1400.00000,300,0,,100,0,0,1000.00000,,16,3,120,360
2022-04-16,8591.06362,5408.36477,3182.69885,1300.00000,3301,10,0,2,14.00000,0.00000,400.00000,300,0,,100,0,0,1000.00000,,14,3,120,360
2022-04-17,8613.66923,5414.84479,3198.82443,1300.00000,3300,9,0,7,15.00000,0.00000,1400.00000,300,24,,100,0,0,1000.00000,,15,3,120,360
2022-04-18,8611.17405,5411.04616,3200.12789,1300.00000,3298,7,0,6,14.00000,0.00000,1200.00000,300,0,,100,0,0,1000.00000,,14,3,120,360
2022-04-19,8605.06643,5408.81167,3196.25477,1700.00000,3295,11,2,10,13.00000,400.00000,2000.00000,300,0,,100,0,0,1000.00000,,13,3,120,360
2022-04-20,8602.19884,5415.73859,3186.46024,1700.00000,3295,10,2,5,9.00000,400.00000,1000.00000,300,0,,100,0,0,1000.00000,,9,3,120,360
2022-04-21,8576.31597,5399.65025,3176.66572,1300.00000,3291,6,0,7,11.00000,0.00000,1400.00000,300,0,,100,0,0,1000.00000,,11,3,120,360
2022-04-22,8560.48832,5394.95781,3165.53050,1900.00000,3287,11,3,7,10.00000,600.00000,1400.00000,300,0,,100,0,0,1000.00000,,10,3,120,360
2022-04-23,8537.47305,5361.66388,3175.80917,1700.00000,3282,7,2,8,15.00000,400.00000,1600.00000,300,0,,100,0,0,1000.00000,,15,3,120,360
2022-04-24,8539.22340,5361.44043,3177.78297,1300.00000,3286,8,0,4,19.00000,0.00000,800.00000,300,0,,100,0,0,1000.00000,,19,3,120,360
2022-04-25,8541.75582,5359.20594,3182.54988,1300.00000,3285,6,0,4,10.00000,0.00000,800.00000,300,24,,100,0,0,1000.00000,,10,3,120,360
2022-04-26,8528.79577,5354.96040,3173.83536,1300.00000,3285,10,0,6,14.00000,0.00000,1200.00000,300,0,,100,0,0,1000.00000,,14,3,120,360
2022-04-27,8508.05223,5344.68174,3163.37049,1300.00000,3283,6,0,5,11.00000,0.00000,1000.00000,300,0,,100,0,0,1000.00000,,11,3,120,360
2022-04-28,8499.00254,5338.64861,3160.35393,1700.00000,3285,12,2,7,10.00000,400.00000,1400.00000,300,0,,100,0,0,1000.00000,,10,3,120,360
2022-04-29,8459.74996,5321.66647,3138.08349,1700.00000,3276,4,2,5,13.00000,400.00000,1000.00000,300,0,,100,0,0,1000.00000,,13,3,120,360
2022-04-30,8476.35969,5324.79476,3151.56493,1700.00000,3278,10,2,3,18.00000,400.00000,600.00000,300,0,,100,0,0,1000.00000,,18,3,120,360
2022-05-01,8492.82044,5310.71746,3182.10298,2100.00000,3284,16,4,6,15.00000,800.00000,1200.00000,300,0,,100,0,0,1000.00000,,15,3,120,360
2022-05-02,8496.17218,5307.36572,3188.80646,1500.00000,3278,8,1,7,12.00000,200.00000,1400.00000,300,0,,100,0,0,1000.00000,,12,3,120,360
2022-05-03,8508.27568,5314.29265,3193.98303,1300.00000,3280,10,0,3,17.00000,0.00000,600.00000,300,24,,100,0,0,1000.00000,,17,3,120,360
2022-05-04,8498.25771,5306.69537,3191.56233,1500.00000,3278,15,1,12,12.00000,200.00000,2400.00000,300,0,,100,0,0,1000.00000,,12,3,120,360
2022-05-05,8483.06316,5298.42775,3184.63541,1500.00000,3279,10,1,7,13.00000,200.00000,1400.00000,300,0,,100,0,0,1000.00000,,13,3,120,360
2022-05-06,8491.14458,5298.65120,3192.49337,1300.00000,3282,8,0,2,14.00000,0.00000,400.00000,300,0,,100,0,0,1000.00000,,14,3,120,360
2022-05-07,8468.16655,5278.31732,3189.84922,1300.00000,3278,8,0,5,12.00000,0.00000,1000.00000,300,0,,100,0,0,1000.00000,,12,3,120,360
2022-05-08,8467.49620,5268.70901,3198.78719,1500.00000,3277,14,1,12,11.00000,200.00000,2400.00000,300,0,,100,0,0,1000.00000,,11,3,120,360
2022-05-09,8437.81470,5240.77786,3197.03684,2100.00000,3272,7,4,4,12.00000,800.00000,800.00000,300,0,,100,0,0,1000.00000,,12,3,120,360
2022-05-10,8454.87132,5262.89933,3191.97199,1300.00000,3272,9,0,4,14.00000,0.00000,800.00000,300,0,,100,0,0,1000.00000,,14,3,120,360
2022-05-11,8454.27546,5275.41248,3178.86297,1500.00000,3270,9,1,5,9.00000,200.00000,1000.00000,300,24,,100,0,0,1000.00000,,9,3,120,360
2022-05-12,8456.69616,5277.20008,3179.49608,1500.00000,3267,7,1,5,15.00000,200.00000,1000.00000,300,0,,100,0,0,1000.00000,,15,3,120,360
2022-05-13,8480.19556,5293.28842,3186.90714,1300.00000,3270,10,0,5,12.00000,0.00000,1000.00000,300,0,,100,0,0,1000.00000,,12,3,120,360
2022-05-14,8485.70731,5286.36150,3199.34582,1700.00000,3276,12,2,3,12.00000,400.00000,600.00000,300,0,,100,0,0,1000.00000,,12,3,120,360
2022-05-15,8474.98175,5284.35045,3190.63130,1700.00000,3273,9,2,4,12.00000,400.00000,800.00000,300,0,,100,0,0,1000.00000,,12,3,120,360
2022-05-16,8495.76253,5297.08706,3198.67547,1900.00000,3275,10,3,3,17.00000,600.00000,600.00000,300,0,,100,0,0,1000.00000,,17,3,120,360
2022-05-17,8489.05905,5291.05393,3198.00512,1500.00000,3272,6,1,5,11.00000,200.00000,1000.00000,300,0,,100,0,0,1000.00000,,11,3,120,360
2022-05-18,8497.58736,5300.66225,3196.92512,1500.00000,3274,9,1,3,20.00000,200.00000,600.00000,300,0,,100,0,0,1000.00000,,20,3,120,360
2022-05-19,8516.46882,5326.13546,3190.33336,1500.00000,3273,11,1,6,14.00000,200.00000,1200.00000,300,24,,100,0,0,1000.00000,,14,3,120,360
2022-05-20,8515.09088,5331.72169,3183.36920,1700.00000,3271,7,2,3,13.00000,400.00000,600.00000,300,0,,100,0,0,1000.00000,,13,3,120,360
2022-05-21,8548.42206,5366.80321,3181.61885,1500.00000,3276,12,1,4,12.00000,200.00000,800.00000,300,0,,100,0,0,1000.00000,,12,3,120,360
2022-05-22,8525.18334,5345.57554,3179.60780,2100.00000,3266,7,4,8,12.00000,800.00000,1600.00000,300,0,,100,0,0,1000.00000,,12,3,120,360
2022-05-23,8526.78473,5357.41835,3169.36638,1300.00000,3267,8,0,3,11.00000,0.00000,600.00000,300,0,,100,0,0,1000.00000,,11,3,120,360
2022-05-24,8514.12260,5350.26797,3163.85463,1300.00000,3262,10,0,8,11.00000,0.00000,1600.00000,300,0,,100,0,0,1000.00000,,11,3,120,360
2022-05-25,8528.75853,5342.44725,3186.31128,1500.00000,3264,13,1,6,16.00000,200.00000,1200.00000,300,0,,100,0,0,1000.00000,,16,3,120,360
2022-05-26,8528.75853,5342.00035,3186.75818,1300.00000,3265,7,0,3,14.00000,0.00000,600.00000,300,0,,100,0,0,1000.00000,,14,3,120,360
2022-05-27,8513.41502,5340.65965,3172.75536,1300.00000,3258,5,0,4,11.00000,0.00000,800.00000,300,24,,100,0,0,1000.00000,,11,3,120,360
2022-05-28,8530.91854,5363.22803,3167.69051,1900.00000,3256,16,3,10,18.00000,600.00000,2000.00000,300,0,,100,0,0,1000.00000,,18,3,120,360
2022-05-29,8538.06891,5369.03770,3169.03121,1500.00000,3261,16,1,7,11.00000,200.00000,1400.00000,300,0,,100,0,0,1000.00000,,11,3,120,360
2022-05-30,8538.66478,5369.03771,3169.62707,1300.00000,3254,8,0,9,9.00000,0.00000,1800.00000,300,0,,100,0,0,1000.00000,,9,3,120,360
2022-05-31,8543.84135,5375.29428,3168.54707,1700.00000,3254,9,2,4,14.00000,400.00000,800.00000,300,0,,100,0,0,1000.00000,,14,3,120,360
2022-06-01,8565.03178,5393.84057,3171.19122,1500.00000,3261,15,1,6,15.00000,200.00000,1200.00000,300,0,,100,0,0,1000.00000,,15,3,120,360
2022-06-02,8545.85239,5376.63498,3169.21741,2500.00000,3252,8,6,8,18.00000,1200.00000,1600.00000,300,0,,100,0,0,1000.00000,,18,3,120,360
2022-06-03,8549.01792,5371.49565,3177.52228,1500.00000,3253,9,1,5,15.00000,200.00000,1000.00000,300,0,,100,0,0,1000.00000,,15,3,120,360
2022-06-04,8532.25923,5362.11078,3170.14845,1700.00000,3250,9,2,8,15.00000,400.00000,1600.00000,300,24,,100,0,0,1000.00000,,15,3,120,360
2022-06-05,8544.21377,5370.82530,3173.38847,1300.00000,3248,8,0,6,13.00000,0.00000,1200.00000,300,0,,100,0,0,1000.00000,,13,3,120,360
2022-06-06,8543.95307,5367.69701,3176.25606,1500.00000,3254,12,1,4,13.00000,200.00000,800.00000,300,0,,100,0,0,1000.00000,,13,3,120,360
2022-06-07,8543.50618,5375.96463,3167.54155,1300.00000,3256,7,0,1,13.00000,0.00000,200.00000,300,0,,100,0,0,1000.00000,,13,3,120,360
2022-06-08,8537.69650,5371.94254,3165.75395,1300.00000,3254,10,0,6,10.00000,0.00000,1200.00000,300,0,,100,0,0,1000.00000,,10,3,120,360
2022-06-09,8530.84405,5360.54663,3170.29742,1900.00000,3246,8,3,8,16.00000,600.00000,1600.00000,300,0,,100,0,0,1000.00000,,16,3,120,360
2022-06-10,8502.05635,5334.17963,3167.87672,1900.00000,3236,5,3,10,15.00000,600.00000,2000.00000,300,0,,100,0,0,1000.00000,,15,3,120,360
2022-06-11,8501.60945,5342.67070,3158.93875,1300.00000,3238,11,0,6,18.00000,0.00000,1200.00000,300,0,,100,0,0,1000.00000,,18,3,120,360
2022-06-12,8503.65773,5349.82107,3153.83666,1500.00000,3233,9,1,6,13.00000,200.00000,1200.00000,300,24,,100,0,0,1000.00000,,13,3,120,360
2022-06-13,8510.84535,5358.75904,3152.08631,1700.00000,3232,11,2,9,14.00000,400.00000,1800.00000,300,0,,100,0,0,1000.00000,,14,3,120,360
2022-06-14,8476.13624,5345.79899,3130.33725,1300.00000,3230,6,0,4,12.00000,0.00000,800.00000,300,0,,100,0,0,1000.00000,,12,3,120,360
2022-06-15,8467.64517,5345.12864,3122.51653,1500.00000,3226,11,1,11,11.00000,200.00000,2200.00000,300,0,,100,0,0,1000.00000,,11,3,120,360
2022-06-16,8474.08795,5341.33000,3132.75795,1500.00000,3228,7,1,3,13.00000,200.00000,600.00000,300,0,,100,0,0,1000.00000,,13,3,120,360
2022-06-17,8465.00102,5315.63334,3149.36768,2100.00000,3229,10,4,4,16.00000,800.00000,800.00000,300,0,,100,0,0,1000.00000,,16,3,120,360
2022-06-18,8462.13342,5314.73955,3147.39387,1700.00000,3228,6,2,3,17.00000,400.00000,600.00000,300,0,,100,0,0,1000.00000,,17,3,120,360
2022-06-19,8450.96096,5312.05816,3138.90280,1300.00000,3230,11,0,7,24.00000,0.00000,1400.00000,300,0,,100,0,0,1000.00000,,24,3,120,360
2022-06-20,8445.11404,5303.56709,3141.54695,1300.00000,3230,13,0,9,16.00000,0.00000,1800.00000,300,24,,100,0,0,1000.00000,,16,3,120,360
2022-06-21,8433.97882,5285.46770,3148.51112,1700.00000,3229,12,2,9,13.00000,400.00000,1800.00000,300,0,,100,0,0,1000.00000,,13,3,120,360
2022-06-22,8421.20497,5270.72005,3150.48492,1500.00000,3232,11,1,4,14.00000,200.00000,800.00000,300,0,,100,0,0,1000.00000,,14,3,120,360
2022-06-23,8423.17877,5269.82625,3153.35252,1300.00000,3237,12,0,6,13.00000,0.00000,1200.00000,300,0,,100,0,0,1000.00000,,13,3,120,360
2022-06-24,8417.55530,5262.89933,3154.65597,1500.00000,3234,10,1,7,12.00000,200.00000,1400.00000,300,0,,100,0,0,1000.00000,,12,3,120,360
2022-06-25,8414.50150,5271.61385,3142.88765,2100.00000,3230,9,4,6,11.00000,800.00000,1200.00000,300,0,,100,0,0,1000.00000,,11,3,120,360
2022-06-26,8430.58984,5267.81521,3162.77463,1700.00000,3233,14,2,6,17.00000,400.00000,1200.00000,300,0,,100,0,0,1000.00000,,17,3,120,360
2022-06-27,8411.37321,5257.08965,3154.28356,1500.00000,3231,6,1,4,15.00000,200.00000,800.00000,300,0,,100,0,0,1000.00000,,15,3,120,360
2022-06-28,8421.91256,5269.37936,3152.53321,1300.00000,3236,11,0,3,11.00000,0.00000,600.00000,300,24,,100,0,0,1000.00000,,11,3,120,360
2022-06-29,8419.19393,5257.98345,3161.21048,2100.00000,3231,8,4,6,16.00000,800.00000,1200.00000,300,0,,100,0,0,1000.00000,,16,3,120,360
2022-06-30,8377.85583,5244.35304,3133.50278,1300.00000,3224,8,0,7,10.00000,0.00000,1400.00000,300,0,,100,0,0,1000.00000,,10,3,120,360
2022-07-01,8351.04192,5225.35986,3125.68206,1700.00000,3219,6,2,7,8.00000,400.00000,1400.00000,300,0,,100,0,0,1000.00000,,8,3,120,360
2022-07-02,8360.46403,5218.87983,3141.58420,1700.00000,3220,10,2,5,15.00000,400.00000,1000.00000,300,0,,100,0,0,1000.00000,,15,3,120,360
2022-07-03,8346.23776,5209.27152,3136.96624,2100.00000,3215,8,4,4,13.00000,800.00000,800.00000,300,0,,100,0,0,1000.00000,,13,3,120,360
2022-07-04,8292.64719,5157.87820,3134.76899,3900.00000,3206,12,13,4,15.00000,2600.00000,800.00000,300,0,,100,0,0,1000.00000,,15,3,120,360
2022-07-05,8319.38661,5172.84930,3146.53732,1300.00000,3213,12,0,3,12.00000,0.00000,600.00000,300,0,,100,0,0,1000.00000,,12,3,120,360
2022-07-06,8306.94794,5172.84930,3134.09865,1300.00000,3210,6,0,5,12.00000,0.00000,1000.00000,300,24,,100,0,0,1000.00000,,12,3,120,360
2022-07-07,8294.69548,5163.24098,3131.45450,1700.00000,3204,7,2,7,14.00000,400.00000,1400.00000,300,0,,100,0,0,1000.00000,,14,3,120,360
2022-07-08,8318.15764,5177.09483,3141.06281,1300.00000,3208,10,0,3,11.00000,0.00000,600.00000,300,0,,100,0,0,1000.00000,,11,3,120,360
2022-07-09,8320.61559,5178.65897,3141.95661,1500.00000,3211,10,1,6,10.00000,200.00000,1200.00000,300,0,,100,0,0,1000.00000,,10,3,120,360
2022-07-10,8320.35489,5176.20103,3144.15386,1300.00000,3212,10,0,7,12.00000,0.00000,1400.00000,300,0,,100,0,0,1000.00000,,12,3,120,360
2022-07-11,8314.61970,5166.36927,3148.25043,1900.00000,3205,7,3,6,13.00000,600.00000,1200.00000,300,0,,100,0,0,1000.00000,,13,3,120,360
2022-07-12,8325.64319,5172.17895,3153.46425,2100.00000,3201,12,4,7,13.00000,800.00000,1400.00000,300,0,,100,0,0,1000.00000,,13,3,120,360
2022-07-13,8342.58809,5186.92660,3155.66150,1300.00000,3207,14,0,4,16.00000,0.00000,800.00000,300,0,,100,0,0,1000.00000,,16,3,120,360
2022-07-14,8349.55226,5196.53491,3153.01735,1300.00000,3207,7,0,3,10.00000,0.00000,600.00000,300,24,,100,0,0,1000.00000,,10,3,120,360
2022-07-15,8345.60466,5198.32251,3147.28215,1300.00000,3204,8,0,6,16.00000,0.00000,1200.00000,300,0,,100,0,0,1000.00000,,16,3,120,360
2022-07-16,8348.36053,5205.91978,3142.44075,1300.00000,3201,11,0,9,9.00000,0.00000,1800.00000,300,0,,100,0,0,1000.00000,,9,3,120,360
2022-07-17,8351.19089,5205.24943,3145.94146,1700.00000,3206,12,2,3,12.00000,400.00000,600.00000,300,0,,100,0,0,1000.00000,,12,3,120,360
2022-07-18,8369.29027,5224.24261,3145.04766,1500.00000,3208,12,1,5,11.00000,200.00000,1000.00000,300,0,,100,0,0,1000.00000,,11,3,120,360
2022-07-19,8352.12193,5217.76259,3134.35934,1700.00000,3205,7,2,3,16.00000,400.00000,600.00000,300,0,,100,0,0,1000.00000,,16,3,120,360
2022-07-20,8345.00879,5211.95291,3133.05588,1700.00000,3205,7,2,1,15.00000,400.00000,200.00000,300,0,,100,0,0,1000.00000,,15,3,120,360
2022-07-21,8345.53017,5225.13641,3120.39376,1300.00000,3203,9,0,6,14.00000,0.00000,1200.00000,300,0,,100,0,0,1000.00000,,14,3,120,360
2022-07-22,8352.45710,5231.83989,3120.61721,1500.00000,3202,9,1,7,14.00000,200.00000,1400.00000,300,24,,100,0,0,1000.00000,,14,3,120,360
2022-07-23,8339.75774,5228.71160,3111.04614,1300.00000,3199,5,0,6,14.00000,0.00000,1200.00000,300,0,,100,0,0,1000.00000,,14,3,120,360
2022-07-24,8324.56319,5222.90192,3101.66127,1300.00000,3194,6,0,6,9.00000,0.00000,1200.00000,300,0,,100,0,0,1000.00000,,9,3,120,360
2022-07-25,8318.75351,5207.03703,3111.71648,1500.00000,3195,10,1,7,10.00000,200.00000,1400.00000,300,0,,100,0,0,1000.00000,,10,3,120,360
2022-07-26,8290.41270,5198.09906,3092.31364,1700.00000,3192,8,2,6,11.00000,400.00000,1200.00000,300,0,,100,0,0,1000.00000,,11,3,120,360
2022-07-27,8278.34644,5203.23839,3075.10805,1300.00000,3188,6,0,6,15.00000,0.00000,1200.00000,300,0,,100,0,0,1000.00000,,15,3,120,360
2022-07-28,8231.08693,5170.39135,3060.69558,2300.00000,3180,11,5,9,14.00000,1000.00000,1800.00000,300,0,,100,0,0,1000.00000,,14,3,120,360
2022-07-29,8270.67469,5203.90874,3066.76595,1300.00000,3187,11,0,2,19.00000,0.00000,400.00000,300,0,,100,0,0,1000.00000,,19,3,120,360
2022-07-30,8240.65801,5195.86456,3044.79344,1500.00000,3179,10,1,9,13.00000,200.00000,1800.00000,300,24,,100,0,0,1000.00000,,13,3,120,360
2022-07-31,8271.45676,5198.32251,3073.13425,1300.00000,3184,11,0,6,11.00000,0.00000,1200.00000,300,0,,100,0,0,1000.00000,,11,3,120,360
2022-08-01,8278.16024,5196.75836,3081.40187,1500.00000,3181,11,1,9,11.00000,200.00000,1800.00000,300,0,,100,0,0,1000.00000,,11,3,120,360
2022-08-02,8276.67057,5200.78045,3075.89013,1300.00000,3176,7,0,6,9.00000,0.00000,1200.00000,300,0,,100,0,0,1000.00000,,9,3,120,360
2022-08-03,8289.14649,5209.71842,3079.42807,1900.00000,3182,13,3,4,10.00000,600.00000,800.00000,300,0,,100,0,0,1000.00000,,10,3,120,360
2022-08-04,8302.55344,5215.08120,3087.47224,1900.00000,3188,15,3,3,15.00000,600.00000,600.00000,300,0,,100,0,0,1000.00000,,15,3,120,360
2022-08-05,8267.69536,5198.32251,3069.37286,1700.00000,3182,9,2,9,19.00000,400.00000,1800.00000,300,0,,100,0,0,1000.00000,,19,3,120,360
2022-08-06,8269.11054,5204.13219,3064.97836,1500.00000,3184,11,1,5,13.00000,200.00000,1000.00000,300,0,,100,0,0,1000.00000,,13,3,120,360
2022-08-07,8267.28571,5198.32251,3068.96320,1300.00000,3193,16,0,5,17.00000,0.00000,1000.00000,300,24,,100,0,0,1000.00000,,17,3,120,360
2022-08-08,8268.88709,5202.12114,3066.76595,1300.00000,3193,10,0,8,13.00000,0.00000,1600.00000,300,0,,100,0,0,1000.00000,,13,3,120,360
2022-08-09,8245.31320,5193.40662,3051.90658,1300.00000,3187,5,0,5,9.00000,0.00000,1000.00000,300,0,,100,0,0,1000.00000,,9,3,120,360
2022-08-10,8270.04158,5205.69633,3064.34525,1500.00000,3190,13,1,7,11.00000,200.00000,1400.00000,300,0,,100,0,0,1000.00000,,11,3,120,360
2022-08-11,8256.85808,5210.83566,3046.02242,1700.00000,3186,12,2,8,10.00000,400.00000,1600.00000,300,0,,100,0,0,1000.00000,,10,3,120,360
2022-08-12,8233.28419,5186.03280,3047.25139,1500.00000,3176,5,1,8,11.00000,200.00000,1600.00000,300,0,,100,0,0,1000.00000,,11,3,120,360
2022-08-13,8210.93926,5173.29619,3037.64307,2300.00000,3169,11,5,8,16.00000,1000.00000,1600.00000,300,0,,100,0,0,1000.00000,,16,3,120,360
2022-08-14,8197.38335,5163.91133,3033.47202,1500.00000,3165,7,1,6,16.00000,200.00000,1200.00000,300,0,,100,0,0,1000.00000,,16,3,120,360
2022-08-15,8201.81509,5174.63689,3027.17820,1300.00000,3170,10,0,4,14.00000,0.00000,800.00000,300,24,,100,0,0,1000.00000,,14,3,120,360
2022-08-16,8209.18891,5180.89347,3028.29544,1300.00000,3172,10,0,6,13.00000,0.00000,1200.00000,300,0,,100,0,0,1000.00000,,13,3,120,360
2022-08-17,8217.56826,5165.69892,3051.86934,1300.00000,3170,10,0,9,9.00000,0.00000,1800.00000,300,0,,100,0,0,1000.00000,,9,3,120,360
2022-08-18,8236.07730,5181.11692,3054.96038,1500.00000,3176,11,1,4,9.00000,200.00000,800.00000,300,0,,100,0,0,1000.00000,,9,3,120,360
2022-08-19,8232.01797,5165.02857,3066.98940,2100.00000,3177,11,4,6,17.00000,800.00000,1200.00000,300,0,,100,0,0,1000.00000,,17,3,120,360
2022-08-20,8230.49107,5158.10165,3072.38942,1700.00000,3174,9,2,5,15.00000,400.00000,1000.00000,300,0,,100,0,0,1000.00000,,15,3,120,360
2022-08-21,8239.61525,5155.86716,3083.74809,1700.00000,3172,12,2,10,13.00000,400.00000,2000.00000,300,0,,100,0,0,1000.00000,,13,3,120,360
2022-08-22,8281.13956,5185.36245,3095.77711,1300.00000,3181,16,0,7,13.00000,0.00000,1400.00000,300,0,,100,0,0,1000.00000,,13,3,120,360
2022-08-23,8282.25680,5192.73628,3089.52053,1300.00000,3186,12,0,6,15.00000,0.00000,1200.00000,300,24,,100,0,0,1000.00000,,15,3,120,360
2022-08-24,8277.11747,5186.92660,3090.19088,1300.00000,3184,8,0,8,12.00000,0.00000,1600.00000,300,0,,100,0,0,1000.00000,,12,3,120,360
2022-08-25,8283.59750,5184.46865,3099.12885,1500.00000,3184,10,1,6,14.00000,200.00000,1200.00000,300,0,,100,0,0,1000.00000,,14,3,120,360
2022-08-26,8303.11206,5190.94868,3112.16338,1500.00000,3180,8,1,8,10.00000,200.00000,1600.00000,300,0,,100,0,0,1000.00000,,10,3,120,360
2022-08-27,8302.77689,5184.91555,3117.86134,1500.00000,3178,7,1,6,12.00000,200.00000,1200.00000,300,0,,100,0,0,1000.00000,,12,3,120,360
2022-08-28,8303.85690,5183.57486,3120.28204,1700.00000,3179,8,2,5,11.00000,400.00000,1000.00000,300,0,,100,0,0,1000.00000,,11,3,120,360
2022-08-29,8308.84726,5174.63689,3134.21037,1900.00000,3175,9,3,8,16.00000,600.00000,1600.00000,300,0,,100,0,0,1000.00000,,16,3,120,360
2022-08-30,8300.76585,5156.09060,3144.67524,1500.00000,3170,7,1,7,17.00000,200.00000,1400.00000,300,0,,100,0,0,1000.00000,,17,3,120,360
2022-08-31,8308.40036,5149.61058,3158.78979,1500.00000,3166,7,1,6,12.00000,200.00000,1200.00000,300,24,,100,0,0,1000.00000,,12,3,120,360
2022-09-01,8290.00304,5126.81876,3163.18429,1300.00000,3164,13,0,11,12.00000,0.00000,2200.00000,300,0,,100,0,0,1000.00000,,12,3,120,360
2022-09-02,8288.96028,5113.18836,3175.77193,1300.00000,3158,6,0,8,10.00000,0.00000,1600.00000,300,0,,100,0,0,1000.00000,,10,3,120,360
2022-09-03,8298.94101,5110.06007,3188.88095,1900.00000,3159,11,3,7,13.00000,600.00000,1400.00000,300,0,,100,0,0,1000.00000,,13,3,120,360
2022-09-04,8287.32165,5090.84343,3196.47822,1500.00000,3157,5,1,4,9.00000,200.00000,800.00000,300,0,,100,0,0,1000.00000,,9,3,120,360
2022-09-05,8291.71615,5090.17309,3201.54307,1900.00000,3170,21,3,3,18.00000,600.00000,600.00000,300,0,,100,0,0,1000.00000,,18,3,120,360
2022-09-06,8307.58105,5096.87656,3210.70449,1700.00000,3171,12,2,5,13.00000,400.00000,1000.00000,300,0,,100,0,0,1000.00000,,13,3,120,360
2022-09-07,8290.41270,5082.35236,3208.06034,1500.00000,3161,2,1,7,11.00000,200.00000,1400.00000,300,0,,100,0,0,1000.00000,,11,3,120,360
2022-09-08,8322.81284,5090.17309,3232.63975,1300.00000,3165,13,0,7,16.00000,0.00000,1400.00000,300,24,,100,0,0,1000.00000,,16,3,120,360
2022-09-09,8340.20463,5088.83239,3251.37224,1700.00000,3167,8,2,3,11.00000,400.00000,600.00000,300,0,,100,0,0,1000.00000,,11,3,120,360
2022-09-10,8357.37298,5086.37445,3270.99853,1300.00000,3170,11,0,6,9.00000,0.00000,1200.00000,300,0,,100,0,0,1000.00000,,9,3,120,360
2022-09-11,8343.74258,5089.72619,3254.01639,1300.00000,3170,7,0,3,12.00000,0.00000,600.00000,300,0,,100,0,0,1000.00000,,12,3,120,360
2022-09-12,8346.61018,5102.68624,3243.92394,1500.00000,3162,8,1,8,14.00000,200.00000,1600.00000,300,0,,100,0,0,1000.00000,,14,3,120,360
2022-09-13,8341.95499,5099.78140,3242.17358,1300.00000,3166,12,0,5,13.00000,0.00000,1000.00000,300,0,,100,0,0,1000.00000,,13,3,120,360
2022-09-14,8342.58809,5087.71515,3254.87295,2100.00000,3173,16,4,5,12.00000,800.00000,1000.00000,300,0,,100,0,0,1000.00000,,12,3,120,360
2022-09-15,8319.42386,5068.49851,3250.92534,1300.00000,3166,3,0,7,14.00000,0.00000,1400.00000,300,0,,100,0,0,1000.00000,,14,3,120,360
2022-09-16,8312.45969,5068.49851,3243.96118,1300.00000,3168,11,0,4,12.00000,0.00000,800.00000,300,24,,100,0,0,1000.00000,,12,3,120,360
2022-09-17,8318.75351,5085.03375,3233.71975,1500.00000,3169,10,1,5,14.00000,200.00000,1000.00000,300,0,,100,0,0,1000.00000,,14,3,120,360
2022-09-18,8314.28453,5073.41440,3240.87013,1700.00000,3163,5,2,5,12.00000,400.00000,1000.00000,300,0,,100,0,0,1000.00000,,12,3,120,360
2022-09-19,8342.92327,5086.15100,3256.77227,1300.00000,3170,11,0,3,13.00000,0.00000,600.00000,300,0,,100,0,0,1000.00000,,13,3,120,360
2022-09-20,8340.72602,5078.55373,3262.17229,1700.00000,3169,9,2,4,10.00000,400.00000,800.00000,300,0,,100,0,0,1000.00000,,10,3,120,360
2022-09-21,8352.94124,5078.55373,3274.38751,1900.00000,3173,15,3,8,16.00000,600.00000,1600.00000,300,0,,100,0,0,1000.00000,,16,3,120,360
2022-09-22,8349.55226,5064.47643,3285.07583,1300.00000,3175,10,0,6,11.00000,0.00000,1200.00000,300,0,,100,0,0,1000.00000,,11,3,120,360
2022-09-23,8342.73706,5063.80608,3278.93098,1300.00000,3171,6,0,6,24.00000,0.00000,1200.00000,300,0,,100,0,0,1000.00000,,24,3,120,360
2022-09-24,8331.19218,5048.38808,3282.80410,1300.00000,3167,11,0,10,14.00000,0.00000,2000.00000,300,24,,100,0,0,1000.00000,,14,3,120,360
2022-09-25,8320.91352,5037.43907,3283.47445,1300.00000,3170,12,0,7,13.00000,0.00000,1400.00000,300,0,,100,0,0,1000.00000,,13,3,120,360
2022-09-26,8338.37980,5057.99640,3280.38340,1500.00000,3171,10,1,4,9.00000,200.00000,800.00000,300,0,,100,0,0,1000.00000,,9,3,120,360
2022-09-27,8323.40870,5052.18672,3271.22198,1700.00000,3166,6,2,5,13.00000,400.00000,1000.00000,300,0,,100,0,0,1000.00000,,13,3,120,360
2022-09-28,8337.67221,5063.35918,3274.31303,1700.00000,3170,10,2,3,13.00000,400.00000,600.00000,300,0,,100,0,0,1000.00000,,13,3,120,360
2022-09-29,8304.67621,5043.02530,3261.65091,1700.00000,3169,13,2,7,13.00000,400.00000,1400.00000,300,0,,100,0,0,1000.00000,,13,3,120,360
2022-09-30,8305.30932,5042.35495,3262.95436,1500.00000,3169,8,1,5,12.00000,200.00000,1000.00000,300,0,,100,0,0,1000.00000,,12,3,120,360
2022-10-01,8321.99352,5071.85025,3250.14327,1300.00000,3177,11,0,1,16.00000,0.00000,200.00000,300,0,,100,0,0,1000.00000,,16,3,120,360
2022-10-02,8335.77289,5081.90547,3253.86743,1300.00000,3179,12,0,7,12.00000,0.00000,1400.00000,300,24,,100,0,0,1000.00000,,12,3,120,360
2022-10-03,8309.66657,5074.30819,3235.35838,1900.00000,3173,10,3,9,18.00000,600.00000,1800.00000,300,0,,100,0,0,1000.00000,,18,3,120,360
2022-10-04,8304.78793,5078.10683,3226.68110,1300.00000,3171,6,0,6,12.00000,0.00000,1200.00000,300,0,,100,0,0,1000.00000,,12,3,120,360
2022-10-05,8279.35196,5055.76191,3223.59006,1700.00000,3159,4,2,9,9.00000,400.00000,1800.00000,300,0,,100,0,0,1000.00000,,9,3,120,360
2022-10-06,8294.80720,5047.27084,3247.53636,1900.00000,3160,11,3,5,7.00000,600.00000,1000.00000,300,0,,100,0,0,1000.00000,,7,3,120,360
2022-10-07,8299.57412,5047.71774,3251.85638,1500.00000,3159,11,1,6,12.00000,200.00000,1200.00000,300,0,,100,0,0,1000.00000,,12,3,120,360
2022-10-08,8250.41529,4998.78236,3251.63293,4100.00000,3146,12,14,7,11.00000,2800.00000,1400.00000,300,0,,100,0,0,1000.00000,,11,3,120,360
2022-10-09,8266.46639,4995.43062,3271.03577,1500.00000,3152,11,1,3,14.00000,200.00000,600.00000,300,0,,100,0,0,1000.00000,,14,3,120,360
2022-10-10,8280.39473,5004.36859,3276.02614,1300.00000,3152,8,0,6,12.00000,0.00000,1200.00000,300,24,,100,0,0,1000.00000,,12,3,120,360
2022-10-11,8281.80991,5000.12305,3281.68685,1300.00000,3150,10,0,8,13.00000,0.00000,1600.00000,300,0,,100,0,0,1000.00000,,13,3,120,360
2022-10-12,8288.51338,5014.42380,3274.08958,1500.00000,3155,12,1,4,8.00000,200.00000,800.00000,300,0,,100,0,0,1000.00000,,8,3,120,360
2022-10-13,8276.44712,5001.24030,3275.20683,1700.00000,3156,7,2,4,10.00000,400.00000,800.00000,300,0,,100,0,0,1000.00000,,10,3,120,360
2022-10-14,8269.70641,5002.13410,3267.57231,1700.00000,3154,10,2,6,14.00000,400.00000,1200.00000,300,0,,100,0,0,1000.00000,,14,3,120,360
2022-10-15,8275.47884,5023.13832,3252.34052,1300.00000,3156,9,0,2,14.00000,0.00000,400.00000,300,0,,100,0,0,1000.00000,,14,3,120,360
2022-10-16,8294.65824,5040.12046,3254.53777,1700.00000,3161,13,2,5,14.00000,400.00000,1000.00000,300,0,,100,0,0,1000.00000,,14,3,120,360
2022-10-17,8296.96721,5020.01003,3276.95718,1300.00000,3156,6,0,8,16.00000,0.00000,1600.00000,300,0,,100,0,0,1000.00000,,16,3,120,360
2022-10-18,8304.78793,5010.62517,3294.16277,1500.00000,3160,13,1,6,14.00000,200.00000,1200.00000,300,24,,100,0,0,1000.00000,,14,3,120,360
2022-10-19,8316.33281,5008.83757,3307.49524,1700.00000,3166,14,2,6,12.00000,400.00000,1200.00000,300,0,,100,0,0,1000.00000,,12,3,120,360
2022-10-20,8325.75492,5011.74241,3314.01251,1300.00000,3164,10,0,9,13.00000,0.00000,1800.00000,300,0,,100,0,0,1000.00000,,13,3,120,360
2022-10-21,8324.60043,5007.94378,3316.65665,1300.00000,3167,12,0,6,10.00000,0.00000,1200.00000,300,0,,100,0,0,1000.00000,,10,3,120,360
2022-10-22,8313.53969,5007.94378,3305.59592,1500.00000,3174,13,1,3,10.00000,200.00000,600.00000,300,0,,100,0,0,1000.00000,,10,3,120,360
2022-10-23,8327.65424,5023.58522,3304.06902,1500.00000,3175,14,1,6,15.00000,200.00000,1200.00000,300,0,,100,0,0,1000.00000,,15,3,120,360
2022-10-24,8339.01290,5017.10519,3321.90771,1300.00000,3178,12,0,6,12.00000,0.00000,1200.00000,300,0,,100,0,0,1000.00000,,12,3,120,360
2022-10-25,8363.74128,5028.94800,3334.79328,1500.00000,3186,15,1,5,17.00000,200.00000,1000.00000,300,0,,100,0,0,1000.00000,,17,3,120,360
2022-10-26,8374.16891,5034.75768,3339.41123,1500.00000,3193,14,1,5,16.00000,200.00000,1000.00000,300,24,,100,0,0,1000.00000,,16,3,120,360
2022-10-27,8365.90129,5034.53423,3331.36706,1300.00000,3191,8,0,6,15.00000,0.00000,1200.00000,300,0,,100,0,0,1000.00000,,15,3,120,360
2022-10-28,8363.89025,5023.58522,3340.30503,1300.00000,3189,8,0,9,11.00000,0.00000,1800.00000,300,0,,100,0,0,1000.00000,,11,3,120,360
2022-10-29,8357.63367,5017.99899,3339.63468,2100.00000,3187,11,4,5,13.00000,800.00000,1000.00000,300,0,,100,0,0,1000.00000,,13,3,120,360
2022-10-30,8378.60066,5029.39490,3349.20576,1300.00000,3189,9,0,4,11.00000,0.00000,800.00000,300,0,,100,0,0,1000.00000,,11,3,120,360
2022-10-31,8355.47366,5017.77554,3337.69812,1500.00000,3185,8,1,7,15.00000,200.00000,1400.00000,300,0,,100,0,0,1000.00000,,15,3,120,360
2022-11-01,8340.98671,5013.08311,3327.90360,1900.00000,3183,12,3,6,14.00000,600.00000,1200.00000,300,0,,100,0,0,1000.00000,,14,3,120,360
2022-11-02,8367.46544,5041.68461,3325.78083,1300.00000,3194,17,0,4,14.00000,0.00000,800.00000,300,0,,100,0,0,1000.00000,,14,3,120,360
2022-11-03,8350.11088,5016.65829,3333.45259,1300.00000,3190,11,0,14,14.00000,0.00000,2800.00000,300,24,,100,0,0,1000.00000,,14,3,120,360
2022-11-04,8365.71508,5030.73560,3334.97949,1500.00000,3196,14,1,4,18.00000,200.00000,800.00000,300,0,,100,0,0,1000.00000,,18,3,120,360
2022-11-05,8345.23224,5005.48583,3339.74641,1300.00000,3192,6,0,7,12.00000,0.00000,1400.00000,300,0,,100,0,0,1000.00000,,12,3,120,360
2022-11-06,8327.39354,4997.44166,3329.95188,1500.00000,3189,10,1,6,14.00000,200.00000,1200.00000,300,0,,100,0,0,1000.00000,,14,3,120,360
2022-11-07,8351.82399,4999.89960,3351.92439,1500.00000,3191,10,1,4,14.00000,200.00000,800.00000,300,0,,100,0,0,1000.00000,,14,3,120,360
2022-11-08,8363.70404,4996.99476,3366.70928,1900.00000,3188,7,3,4,17.00000,600.00000,800.00000,300,0,,100,0,0,1000.00000,,17,3,120,360
2022-11-09,8357.96885,4985.59885,3372.36999,2500.00000,3189,13,6,4,14.00000,1200.00000,800.00000,300,0,,100,0,0,1000.00000,,14,3,120,360
2022-11-10,8355.25021,4981.57677,3373.67345,1700.00000,3189,6,2,3,12.00000,400.00000,600.00000,300,0,,100,0,0,1000.00000,,12,3,120,360
2022-11-11,8319.72179,4980.45952,3339.26227,1700.00000,3184,6,2,4,14.00000,400.00000,800.00000,300,24,,100,0,0,1000.00000,,14,3,120,360
2022-11-12,8332.64460,4991.40853,3341.23607,1500.00000,3189,15,1,7,13.00000,200.00000,1400.00000,300,0,,100,0,0,1000.00000,,13,3,120,360
2022-11-13,8315.02936,5002.35755,3312.67181,1300.00000,3186,13,0,5,13.00000,0.00000,1000.00000,300,0,,100,0,0,1000.00000,,13,3,120,360
2022-11-14,8300.69136,4986.04575,3314.64561,1500.00000,3180,3,1,7,12.00000,200.00000,1400.00000,300,0,,100,0,0,1000.00000,,12,3,120,360
2022-11-15,8258.16153,4966.38222,3291.77931,2100.00000,3170,9,4,11,14.00000,800.00000,2200.00000,300,0,,100,0,0,1000.00000,,14,3,120,360
2022-11-16,8235.48143,4939.79177,3295.68967,1700.00000,3170,13,2,7,17.00000,400.00000,1400.00000,300,0,,100,0,0,1000.00000,,17,3,120,360
2022-11-17,8268.47744,4959.45530,3309.02214,1700.00000,3178,15,2,4,15.00000,400.00000,800.00000,300,0,,100,0,0,1000.00000,,15,3,120,360
2022-11-18,8256.44842,4948.28284,3308.16558,1500.00000,3176,10,1,10,25.00000,200.00000,2000.00000,300,0,,100,0,0,1000.00000,,25,3,120,360
2022-11-19,8270.97262,4944.03730,3326.93532,1500.00000,3180,14,1,7,14.00000,200.00000,1400.00000,300,24,,100,0,0,1000.00000,,14,3,120,360
2022-11-20,8291.52995,4955.65666,3335.87329,1300.00000,3184,11,0,5,17.00000,0.00000,1000.00000,300,0,,100,0,0,1000.00000,,17,3,120,360
2022-11-21,8301.95758,4969.73396,3332.22362,1900.00000,3190,13,3,3,12.00000,600.00000,600.00000,300,0,,100,0,0,1000.00000,,12,3,120,360
2022-11-22,8292.90788,4958.56150,3334.34638,1700.00000,3181,7,2,9,15.00000,400.00000,1800.00000,300,0,,100,0,0,1000.00000,,15,3,120,360
2022-11-23,8311.60313,4973.75605,3337.84709,2100.00000,3181,8,4,3,11.00000,800.00000,600.00000,300,0,,100,0,0,1000.00000,,11,3,120,360
2022-11-24,8303.67069,4959.23185,3344.43884,1500.00000,3178,13,1,10,16.00000,200.00000,2000.00000,300,0,,100,0,0,1000.00000,,16,3,120,360
2022-11-25,8310.56037,4963.25393,3347.30644,1500.00000,3181,13,1,7,14.00000,200.00000,1400.00000,300,0,,100,0,0,1000.00000,,14,3,120,360
2022-11-26,8312.53417,4962.80703,3349.72714,1300.00000,3181,12,0,9,26.00000,0.00000,1800.00000,300,0,,100,0,0,1000.00000,,26,3,120,360
2022-11-27,8329.73976,4978.89538,3350.84438,1500.00000,3189,15,1,3,14.00000,200.00000,600.00000,300,24,,100,0,0,1000.00000,,14,3,120,360
2022-11-28,8328.17562,4995.20717,3332.96845,1700.00000,3192,14,2,5,13.00000,400.00000,1000.00000,300,0,,100,0,0,1000.00000,,13,3,120,360
2022-11-29,8321.50938,4988.72714,3332.78224,1300.00000,3192,12,0,6,14.00000,0.00000,1200.00000,300,0,,100,0,0,1000.00000,,14,3,120,360
2022-11-30,8331.04321,5003.47479,3327.56842,1300.00000,3196,11,0,5,16.00000,0.00000,1000.00000,300,0,,100,0,0,1000.00000,,16,3,120,360
2022-12-01,8332.34667,5011.29551,3321.05115,1700.00000,3193,11,2,9,16.00000,400.00000,1800.00000,300,0,,100,0,0,1000.00000,,16,3,120,360
2022-12-02,8308.73553,4990.51474,3318.22080,1700.00000,3186,8,2,9,15.00000,400.00000,1800.00000,300,0,,100,0,0,1000.00000,,15,3,120,360
2022-12-03,8263.33810,4952.52837,3310.80973,3900.00000,3176,10,13,5,14.00000,2600.00000,1000.00000,300,0,,100,0,0,1000.00000,,14,3,120,360
2022-12-04,8272.08986,4955.65666,3316.43320,1300.00000,3175,6,0,1,13.00000,0.00000,200.00000,300,0,,100,0,0,1000.00000,,13,3,120,360
2022-12-05,8257.82636,4951.63457,3306.19178,1900.00000,3173,16,3,10,15.00000,600.00000,2000.00000,300,24,,100,0,0,1000.00000,,15,3,120,360
2022-12-06,8246.05803,4936.44003,3309.61800,1900.00000,3167,8,3,7,13.00000,600.00000,1400.00000,300,0,,100,0,0,1000.00000,,13,3,120,360
2022-12-07,8234.69936,4926.83171,3307.86765,1700.00000,3163,5,2,5,12.00000,400.00000,1000.00000,300,0,,100,0,0,1000.00000,,12,3,120,360
2022-12-08,8235.14626,4917.44684,3317.69942,1500.00000,3160,7,1,7,12.00000,200.00000,1400.00000,300,0,,100,0,0,1000.00000,,12,3,120,360
2022-12-09,8221.18068,4910.51992,3310.66077,1700.00000,3154,10,2,6,12.00000,400.00000,1200.00000,300,0,,100,0,0,1000.00000,,12,3,120,360
2022-12-10,8203.34199,4905.38059,3297.96140,1500.00000,3147,7,1,7,15.00000,200.00000,1400.00000,300,0,,100,0,0,1000.00000,,15,3,120,360
2022-12-11,8178.27844,4879.23703,3299.04141,4500.00000,3132,9,16,6,21.00000,3200.00000,1200.00000,300,0,,100,0,0,1000.00000,,21,3,120,360
2022-12-12,8207.95994,4906.94473,3301.01521,1300.00000,3139,12,0,1,17.00000,0.00000,200.00000,300,0,,100,0,0,1000.00000,,17,3,120,360
2022-12-13,8194.70195,4890.85639,3303.84557,1300.00000,3140,11,0,5,12.00000,0.00000,1000.00000,300,24,,100,0,0,1000.00000,,12,3,120,360
2022-12-14,8191.31297,4894.87847,3296.43450,1700.00000,3142,13,2,3,23.00000,400.00000,600.00000,300,0,,100,0,0,1000.00000,,23,3,120,360
2022-12-15,8220.62206,4917.89374,3302.72832,1900.00000,3146,13,3,4,12.00000,600.00000,800.00000,300,0,,100,0,0,1000.00000,,12,3,120,360
2022-12-16,8230.60279,4927.05516,3303.54763,1900.00000,3145,14,3,6,13.00000,600.00000,1200.00000,300,0,,100,0,0,1000.00000,,13,3,120,360
2022-12-17,8216.86067,4925.93791,3290.92275,1700.00000,3145,10,2,4,12.00000,400.00000,800.00000,300,0,,100,0,0,1000.00000,,12,3,120,360
2022-12-18,8226.20829,4942.92005,3283.28824,1500.00000,3151,12,1,1,12.00000,200.00000,200.00000,300,0,,100,0,0,1000.00000,,12,3,120,360
2022-12-19,8216.22756,4945.60144,3270.62612,1300.00000,3152,10,0,3,13.00000,0.00000,600.00000,300,0,,100,0,0,1000.00000,,13,3,120,360
2022-12-20,8230.26762,4949.17663,3281.09099,1300.00000,3154,8,0,5,14.00000,0.00000,1000.00000,300,0,,100,0,0,1000.00000,,14,3,120,360
2022-12-21,8221.36689,4950.07043,3271.29646,1300.00000,3156,10,0,6,14.00000,0.00000,1200.00000,300,24,,100,0,0,1000.00000,,14,3,120,360
2022-12-22,8231.04969,4955.20976,3275.83993,1500.00000,3158,8,1,3,11.00000,200.00000,600.00000,300,0,,100,0,0,1000.00000,,11,3,120,360
2022-12-23,8277.52713,4993.41958,3284.10755,1500.00000,3166,15,1,4,14.00000,200.00000,800.00000,300,0,,100,0,0,1000.00000,,14,3,120,360
2022-12-24,8283.03888,4994.98372,3288.05516,1500.00000,3172,15,1,7,13.00000,200.00000,1400.00000,300,0,,100,0,0,1000.00000,,13,3,120,360
2022-12-25,8287.39614,5032.74664,3254.64950,1300.00000,3174,12,0,2,12.00000,0.00000,400.00000,300,0,,100,0,0,1000.00000,,12,3,120,360
2022-12-26,8276.63333,4995.43062,3281.20271,3300.00000,3163,9,10,7,15.00000,2000.00000,1400.00000,300,0,,100,0,0,1000.00000,,15,3,120,360
2022-12-27,8262.36982,4984.03471,3278.33511,1900.00000,3156,4,3,4,15.00000,600.00000,800.00000,300,0,,100,0,0,1000.00000,,15,3,120,360
2022-12-28,8248.88839,4986.71610,3262.17229,1300.00000,3151,7,0,6,14.00000,0.00000,1200.00000,300,0,,100,0,0,1000.00000,,14,3,120,360
2022-12-29,8266.80157,4996.99476,3269.80680,1700.00000,3157,11,2,2,13.00000,400.00000,400.00000,300,24,,100,0,0,1000.00000,,13,3,120,360
2022-12-30,8271.64297,4999.45271,3272.19026,1700.00000,3157,10,2,4,15.00000,400.00000,800.00000,300,0,,100,0,0,1000.00000,,15,3,120,360
2022-12-31,8272.46228,4996.99476,3275.46752,1700.00000,3161,12,2,5,13.00000,400.00000,1000.00000,300,0,,100,0,0,1000.00000,,13,3,120,360
